t # 0
v 0 0
v 1 0
v 2 0
v 3 0
v 4 0
v 5 0
v 6 0
v 7 0
v 8 0
v 9 0
v 10 0
v 11 0
v 12 0
v 13 0
v 14 1
v 15 2
v 16 2
e 1 0 0
e 0 1 0
e 2 1 0
e 1 2 0
e 3 2 0
e 2 3 0
e 4 3 0
e 3 4 0
e 5 4 0
e 4 5 0
e 5 0 0
e 0 5 0
e 6 4 0
e 4 6 0
e 7 6 0
e 6 7 0
e 8 7 0
e 7 8 0
e 9 8 0
e 8 9 0
e 9 3 0
e 3 9 0
e 10 9 0
e 9 10 0
e 11 10 0
e 10 11 0
e 12 11 0
e 11 12 0
e 13 12 0
e 12 13 0
e 13 8 0
e 8 13 0
e 14 12 1
e 12 14 1
e 15 14 2
e 14 15 2
e 16 14 1
e 14 16 1
t # 1
v 0 0
v 1 0
v 2 0
v 3 0
v 4 0
v 5 0
v 6 1
v 7 0
v 8 0
v 9 0
v 10 1
v 11 2
v 12 2
e 1 0 0
e 0 1 0
e 2 1 0
e 1 2 0
e 3 2 0
e 2 3 0
e 4 3 0
e 3 4 0
e 5 4 0
e 4 5 0
e 6 5 0
e 5 6 0
e 7 6 0
e 6 7 0
e 7 2 0
e 2 7 0
e 8 7 0
e 7 8 0
e 9 8 0
e 8 9 0
e 9 0 0
e 0 9 0
e 10 8 1
e 8 10 1
e 11 10 2
e 10 11 2
e 12 10 1
e 10 12 1
t # 2
v 0 0
v 1 0
v 2 0
v 3 0
v 4 0
v 5 0
v 6 0
v 7 1
v 8 0
v 9 0
v 10 1
v 11 2
v 12 2
e 1 0 0
e 0 1 0
e 2 1 0
e 1 2 0
e 3 2 0
e 2 3 0
e 4 3 0
e 3 4 0
e 5 4 0
e 4 5 0
e 6 5 0
e 5 6 0
e 7 6 0
e 6 7 0
e 7 2 0
e 2 7 0
e 8 3 0
e 3 8 0
e 9 8 0
e 8 9 0
e 9 0 0
e 0 9 0
e 10 8 1
e 8 10 1
e 11 10 2
e 10 11 2
e 12 10 1
e 10 12 1
t # 3
v 0 0
v 1 0
v 2 0
v 3 0
v 4 0
v 5 0
v 6 0
v 7 0
v 8 0
v 9 0
v 10 0
v 11 0
v 12 0
v 13 0
v 14 0
v 15 0
v 16 1
v 17 2
v 18 2
e 1 0 0
e 0 1 0
e 2 1 0
e 1 2 0
e 3 2 0
e 2 3 0
e 4 3 0
e 3 4 0
e 5 4 0
e 4 5 0
e 5 0 0
e 0 5 0
e 6 4 1
e 4 6 1
e 7 6 0
e 6 7 0
e 8 7 0
e 7 8 0
e 9 8 0
e 8 9 0
e 10 9 0
e 9 10 0
e 11 10 0
e 10 11 0
e 11 6 0
e 6 11 0
e 12 11 0
e 11 12 0
e 12 3 1
e 3 12 1
e 13 12 0
e 12 13 0
e 14 13 0
e 13 14 0
e 15 14 0
e 14 15 0
e 15 10 0
e 10 15 0
e 16 13 1
e 13 16 1
e 17 16 2
e 16 17 2
e 18 16 1
e 16 18 1
t # 4
v 0 0
v 1 0
v 2 0
v 3 0
v 4 0
v 5 0
v 6 3
v 7 1
v 8 2
v 9 2
v 10 3
e 1 0 0
e 0 1 0
e 2 1 0
e 1 2 0
e 3 2 0
e 2 3 0
e 4 3 0
e 3 4 0
e 5 4 0
e 4 5 0
e 5 0 0
e 0 5 0
e 6 5 1
e 5 6 1
e 7 3 1
e 3 7 1
e 8 7 2
e 7 8 2
e 9 7 1
e 7 9 1
e 10 2 1
e 2 10 1
t # 5
v 0 0
v 1 0
v 2 0
v 3 0
v 4 0
v 5 0
v 6 0
v 7 0
v 8 0
v 9 0
v 10 0
v 11 0
v 12 0
v 13 0
v 14 0
v 15 0
v 16 1
v 17 2
v 18 2
v 19 1
v 20 2
v 21 2
v 22 1
v 23 2
v 24 2
v 25 1
v 26 2
v 27 2
e 1 0 0
e 0 1 0
e 2 1 0
e 1 2 0
e 3 2 0
e 2 3 0
e 4 3 0
e 3 4 0
e 5 4 0
e 4 5 0
e 6 5 0
e 5 6 0
e 7 6 0
e 6 7 0
e 7 2 0
e 2 7 0
e 8 7 0
e 7 8 0
e 9 8 0
e 8 9 0
e 9 0 0
e 0 9 0
e 10 9 0
e 9 10 0
e 11 10 0
e 10 11 0
e 12 11 0
e 11 12 0
e 13 12 0
e 12 13 0
e 13 8 0
e 8 13 0
e 14 13 0
e 13 14 0
e 15 14 0
e 14 15 0
e 15 6 0
e 6 15 0
e 16 12 1
e 12 16 1
e 17 16 2
e 16 17 2
e 18 16 1
e 16 18 1
e 19 10 1
e 10 19 1
e 20 19 2
e 19 20 2
e 21 19 1
e 19 21 1
e 22 5 1
e 5 22 1
e 23 22 2
e 22 23 2
e 24 22 1
e 22 24 1
e 25 3 1
e 3 25 1
e 26 25 2
e 25 26 2
e 27 25 1
e 25 27 1
t # 6
v 0 0
v 1 0
v 2 0
v 3 0
v 4 0
v 5 0
v 6 0
v 7 1
v 8 2
v 9 2
v 10 0
v 11 0
v 12 0
v 13 0
v 14 0
v 15 0
e 1 0 1
e 0 1 1
e 2 1 0
e 1 2 0
e 3 2 0
e 2 3 0
e 4 3 0
e 3 4 0
e 5 4 0
e 4 5 0
e 6 5 0
e 5 6 0
e 6 1 0
e 1 6 0
e 7 6 1
e 6 7 1
e 8 7 2
e 7 8 2
e 9 7 1
e 7 9 1
e 10 3 1
e 3 10 1
e 11 10 0
e 10 11 0
e 12 11 0
e 11 12 0
e 13 12 0
e 12 13 0
e 14 13 0
e 13 14 0
e 15 14 0
e 14 15 0
e 15 10 0
e 10 15 0
t # 7
v 0 0
v 1 0
v 2 2
v 3 2
v 4 0
v 5 0
v 6 0
v 7 0
v 8 0
v 9 0
v 10 0
v 11 0
v 12 0
v 13 0
v 14 0
v 15 0
v 16 0
v 17 1
v 18 2
v 19 2
e 1 0 1
e 0 1 1
e 2 1 2
e 1 2 2
e 3 1 1
e 1 3 1
e 4 3 1
e 3 4 1
e 5 4 0
e 4 5 0
e 6 5 0
e 5 6 0
e 7 6 0
e 6 7 0
e 8 7 0
e 7 8 0
e 9 8 0
e 8 9 0
e 9 4 0
e 4 9 0
e 10 8 1
e 8 10 1
e 11 10 1
e 10 11 1
e 12 11 0
e 11 12 0
e 12 7 1
e 7 12 1
e 13 12 0
e 12 13 0
e 14 13 0
e 13 14 0
e 15 14 0
e 14 15 0
e 16 15 0
e 15 16 0
e 16 11 0
e 11 16 0
e 17 15 1
e 15 17 1
e 18 17 2
e 17 18 2
e 19 17 1
e 17 19 1
t # 8
v 0 0
v 1 0
v 2 0
v 3 1
v 4 0
v 5 1
v 6 0
v 7 0
v 8 0
v 9 1
v 10 2
v 11 2
e 1 0 2
e 0 1 2
e 2 1 1
e 1 2 1
e 3 2 2
e 2 3 2
e 4 3 1
e 3 4 1
e 5 4 2
e 4 5 2
e 6 5 1
e 5 6 1
e 6 2 1
e 2 6 1
e 7 6 1
e 6 7 1
e 8 7 2
e 7 8 2
e 8 0 1
e 0 8 1
e 9 8 1
e 8 9 1
e 10 9 2
e 9 10 2
e 11 9 1
e 9 11 1
t # 9
v 0 0
v 1 0
v 2 0
v 3 0
v 4 0
v 5 0
v 6 0
v 7 0
v 8 0
v 9 0
v 10 0
v 11 0
v 12 0
v 13 0
v 14 1
v 15 2
v 16 2
e 1 0 1
e 0 1 1
e 2 1 0
e 1 2 0
e 3 2 0
e 2 3 0
e 4 3 0
e 3 4 0
e 5 4 0
e 4 5 0
e 6 5 0
e 5 6 0
e 6 1 0
e 1 6 0
e 7 5 1
e 5 7 1
e 8 7 1
e 7 8 1
e 9 8 0
e 8 9 0
e 9 4 1
e 4 9 1
e 10 9 0
e 9 10 0
e 11 10 0
e 10 11 0
e 12 11 0
e 11 12 0
e 13 12 0
e 12 13 0
e 13 8 0
e 8 13 0
e 14 12 1
e 12 14 1
e 15 14 2
e 14 15 2
e 16 14 1
e 14 16 1
t # 10
v 0 0
v 1 0
v 2 0
v 3 0
v 4 0
v 5 0
v 6 0
v 7 0
v 8 0
v 9 0
v 10 0
v 11 0
v 12 0
v 13 0
v 14 1
v 15 2
v 16 2
e 1 0 0
e 0 1 0
e 2 1 0
e 1 2 0
e 3 2 0
e 2 3 0
e 4 3 0
e 3 4 0
e 5 4 0
e 4 5 0
e 5 0 0
e 0 5 0
e 6 4 0
e 4 6 0
e 7 6 0
e 6 7 0
e 8 7 0
e 7 8 0
e 9 8 0
e 8 9 0
e 9 3 0
e 3 9 0
e 10 9 0
e 9 10 0
e 11 10 0
e 10 11 0
e 12 11 0
e 11 12 0
e 13 12 0
e 12 13 0
e 13 8 0
e 8 13 0
e 14 7 1
e 7 14 1
e 15 14 2
e 14 15 2
e 16 14 1
e 14 16 1
t # 11
v 0 0
v 1 0
v 2 0
v 3 0
v 4 0
v 5 0
v 6 0
v 7 0
v 8 0
v 9 0
v 10 0
v 11 0
v 12 0
v 13 0
v 14 0
v 15 0
v 16 1
v 17 1
v 18 2
v 19 2
e 1 0 0
e 0 1 0
e 2 1 0
e 1 2 0
e 3 2 0
e 2 3 0
e 4 3 0
e 3 4 0
e 5 4 0
e 4 5 0
e 6 5 0
e 5 6 0
e 7 6 0
e 6 7 0
e 7 2 0
e 2 7 0
e 8 7 0
e 7 8 0
e 9 8 0
e 8 9 0
e 9 0 0
e 0 9 0
e 10 9 0
e 9 10 0
e 11 10 0
e 10 11 0
e 12 11 0
e 11 12 0
e 13 12 0
e 12 13 0
e 13 8 0
e 8 13 0
e 14 13 0
e 13 14 0
e 15 14 0
e 14 15 0
e 15 6 0
e 6 15 0
e 16 12 1
e 12 16 1
e 17 5 1
e 5 17 1
e 18 17 2
e 17 18 2
e 19 17 1
e 17 19 1
t # 12
v 0 0
v 1 0
v 2 0
v 3 0
v 4 0
v 5 0
v 6 0
v 7 0
v 8 0
v 9 0
v 10 0
v 11 0
v 12 0
v 13 0
v 14 0
v 15 0
v 16 1
v 17 2
v 18 2
v 19 1
v 20 2
v 21 2
e 1 0 0
e 0 1 0
e 2 1 0
e 1 2 0
e 3 2 0
e 2 3 0
e 4 3 0
e 3 4 0
e 5 4 0
e 4 5 0
e 5 0 0
e 0 5 0
e 6 4 1
e 4 6 1
e 7 6 0
e 6 7 0
e 8 7 0
e 7 8 0
e 9 8 0
e 8 9 0
e 10 9 0
e 9 10 0
e 11 10 0
e 10 11 0
e 11 6 0
e 6 11 0
e 12 11 0
e 11 12 0
e 12 3 1
e 3 12 1
e 13 12 0
e 12 13 0
e 14 13 0
e 13 14 0
e 15 14 0
e 14 15 0
e 15 10 0
e 10 15 0
e 16 14 1
e 14 16 1
e 17 16 2
e 16 17 2
e 18 16 1
e 16 18 1
e 19 9 1
e 9 19 1
e 20 19 2
e 19 20 2
e 21 19 1
e 19 21 1
t # 13
v 0 0
v 1 1
v 2 0
v 3 0
v 4 0
v 5 0
v 6 0
v 7 0
v 8 0
v 9 1
v 10 1
v 11 2
v 12 2
e 1 0 1
e 0 1 1
e 2 1 2
e 1 2 2
e 3 2 1
e 2 3 1
e 4 3 2
e 3 4 2
e 5 4 1
e 4 5 1
e 6 5 2
e 5 6 2
e 7 6 1
e 6 7 1
e 7 2 1
e 2 7 1
e 8 7 1
e 7 8 1
e 9 8 2
e 8 9 2
e 9 1 1
e 1 9 1
e 10 4 1
e 4 10 1
e 11 10 2
e 10 11 2
e 12 10 1
e 10 12 1
t # 14
v 0 0
v 1 0
v 2 0
v 3 0
v 4 0
v 5 0
v 6 0
v 7 0
v 8 0
v 9 0
v 10 0
v 11 0
v 12 0
v 13 0
v 14 0
v 15 0
v 16 1
v 17 2
v 18 2
e 1 0 0
e 0 1 0
e 2 1 0
e 1 2 0
e 3 2 0
e 2 3 0
e 4 3 0
e 3 4 0
e 5 4 0
e 4 5 0
e 6 5 0
e 5 6 0
e 7 6 0
e 6 7 0
e 8 7 0
e 7 8 0
e 9 8 0
e 8 9 0
e 10 9 0
e 9 10 0
e 10 5 0
e 5 10 0
e 11 10 0
e 10 11 0
e 11 2 0
e 2 11 0
e 12 11 0
e 11 12 0
e 13 12 0
e 12 13 0
e 13 0 0
e 0 13 0
e 14 12 0
e 12 14 0
e 15 14 0
e 14 15 0
e 15 9 0
e 9 15 0
e 16 8 1
e 8 16 1
e 17 16 2
e 16 17 2
e 18 16 1
e 16 18 1
t # 15
v 0 0
v 1 0
v 2 0
v 3 0
v 4 0
v 5 0
v 6 0
v 7 0
v 8 0
v 9 0
v 10 0
v 11 0
v 12 0
v 13 0
v 14 0
v 15 0
v 16 1
v 17 2
v 18 2
v 19 1
v 20 2
v 21 2
e 1 0 0
e 0 1 0
e 2 1 0
e 1 2 0
e 3 2 0
e 2 3 0
e 4 3 0
e 3 4 0
e 5 4 0
e 4 5 0
e 5 0 0
e 0 5 0
e 6 4 1
e 4 6 1
e 7 6 0
e 6 7 0
e 8 7 0
e 7 8 0
e 9 8 0
e 8 9 0
e 10 9 0
e 9 10 0
e 11 10 0
e 10 11 0
e 11 6 0
e 6 11 0
e 12 11 0
e 11 12 0
e 12 3 1
e 3 12 1
e 13 12 0
e 12 13 0
e 14 13 0
e 13 14 0
e 15 14 0
e 14 15 0
e 15 10 0
e 10 15 0
e 16 15 1
e 15 16 1
e 17 16 2
e 16 17 2
e 18 16 1
e 16 18 1
e 19 9 1
e 9 19 1
e 20 19 2
e 19 20 2
e 21 19 1
e 19 21 1
t # 16
v 0 0
v 1 0
v 2 0
v 3 0
v 4 0
v 5 0
v 6 1
v 7 1
v 8 2
v 9 2
v 10 1
e 1 0 0
e 0 1 0
e 2 1 0
e 1 2 0
e 3 2 0
e 2 3 0
e 4 3 0
e 3 4 0
e 5 4 0
e 4 5 0
e 5 0 0
e 0 5 0
e 6 4 1
e 4 6 1
e 7 3 1
e 3 7 1
e 8 7 2
e 7 8 2
e 9 7 1
e 7 9 1
e 10 2 1
e 2 10 1
t # 17
v 0 0
v 1 0
v 2 0
v 3 0
v 4 0
v 5 0
v 6 0
v 7 0
v 8 0
v 9 0
v 10 0
v 11 0
v 12 0
v 13 2
v 14 1
v 15 2
v 16 2
e 1 0 0
e 0 1 0
e 2 1 0
e 1 2 0
e 3 2 0
e 2 3 0
e 4 3 0
e 3 4 0
e 5 4 0
e 4 5 0
e 5 0 0
e 0 5 0
e 6 4 1
e 4 6 1
e 7 6 0
e 6 7 0
e 8 7 0
e 7 8 0
e 9 8 0
e 8 9 0
e 10 9 0
e 9 10 0
e 11 10 0
e 10 11 0
e 11 6 0
e 6 11 0
e 12 11 1
e 11 12 1
e 12 3 1
e 3 12 1
e 13 12 2
e 12 13 2
e 14 8 1
e 8 14 1
e 15 14 2
e 14 15 2
e 16 14 1
e 14 16 1
t # 18
v 0 0
v 1 0
v 2 0
v 3 0
v 4 0
v 5 0
v 6 0
v 7 0
v 8 1
v 9 0
v 10 1
v 11 2
v 12 2
e 1 0 0
e 0 1 0
e 2 1 0
e 1 2 0
e 3 2 0
e 2 3 0
e 4 3 0
e 3 4 0
e 5 4 0
e 4 5 0
e 6 5 0
e 5 6 0
e 7 6 0
e 6 7 0
e 7 2 0
e 2 7 0
e 8 7 0
e 7 8 0
e 9 8 0
e 8 9 0
e 9 0 0
e 0 9 0
e 10 4 1
e 4 10 1
e 11 10 2
e 10 11 2
e 12 10 1
e 10 12 1
t # 19
v 0 0
v 1 0
v 2 0
v 3 0
v 4 0
v 5 0
v 6 0
v 7 1
v 8 0
v 9 0
v 10 0
v 11 0
v 12 0
v 13 0
v 14 0
v 15 1
v 16 2
v 17 2
e 1 0 0
e 0 1 0
e 2 1 0
e 1 2 0
e 3 2 0
e 2 3 0
e 4 3 0
e 3 4 0
e 5 4 0
e 4 5 0
e 5 0 0
e 0 5 0
e 6 5 1
e 5 6 1
e 7 6 3
e 6 7 3
e 8 3 1
e 3 8 1
e 9 8 1
e 8 9 1
e 10 9 0
e 9 10 0
e 10 2 1
e 2 10 1
e 11 10 0
e 10 11 0
e 12 11 0
e 11 12 0
e 13 12 0
e 12 13 0
e 14 13 0
e 13 14 0
e 14 9 0
e 9 14 0
e 15 13 1
e 13 15 1
e 16 15 2
e 15 16 2
e 17 15 1
e 15 17 1
t # 20
v 0 0
v 1 0
v 2 0
v 3 0
v 4 0
v 5 0
v 6 1
v 7 2
v 8 2
v 9 0
v 10 0
v 11 0
v 12 0
v 13 0
v 14 0
v 15 1
v 16 2
v 17 2
e 1 0 0
e 0 1 0
e 2 1 0
e 1 2 0
e 3 2 0
e 2 3 0
e 4 3 0
e 3 4 0
e 5 4 0
e 4 5 0
e 5 0 0
e 0 5 0
e 6 4 1
e 4 6 1
e 7 6 2
e 6 7 2
e 8 6 1
e 6 8 1
e 9 2 1
e 2 9 1
e 10 9 0
e 9 10 0
e 11 10 0
e 10 11 0
e 12 11 0
e 11 12 0
e 13 12 0
e 12 13 0
e 14 13 0
e 13 14 0
e 14 9 0
e 9 14 0
e 15 12 1
e 12 15 1
e 16 15 2
e 15 16 2
e 17 15 1
e 15 17 1
t # 21
v 0 0
v 1 0
v 2 0
v 3 0
v 4 0
v 5 0
v 6 1
v 7 2
v 8 2
v 9 0
v 10 0
v 11 0
v 12 0
v 13 0
v 14 0
v 15 0
v 16 4
e 1 0 0
e 0 1 0
e 2 1 0
e 1 2 0
e 3 2 0
e 2 3 0
e 4 3 0
e 3 4 0
e 5 4 0
e 4 5 0
e 5 0 0
e 0 5 0
e 6 5 1
e 5 6 1
e 7 6 2
e 6 7 2
e 8 6 1
e 6 8 1
e 9 3 1
e 3 9 1
e 10 9 1
e 9 10 1
e 11 10 0
e 10 11 0
e 11 2 1
e 2 11 1
e 12 11 0
e 11 12 0
e 13 12 0
e 12 13 0
e 14 13 0
e 13 14 0
e 15 14 0
e 14 15 0
e 15 10 0
e 10 15 0
e 16 14 1
e 14 16 1
t # 22
v 0 0
v 1 0
v 2 0
v 3 0
v 4 0
v 5 0
v 6 0
v 7 0
v 8 0
v 9 0
v 10 0
v 11 0
v 12 0
v 13 0
v 14 0
v 15 0
v 16 0
v 17 0
v 18 0
v 19 0
v 20 1
v 21 2
v 22 2
e 1 0 0
e 0 1 0
e 2 1 0
e 1 2 0
e 3 2 0
e 2 3 0
e 4 3 0
e 3 4 0
e 5 4 0
e 4 5 0
e 5 0 0
e 0 5 0
e 6 4 0
e 4 6 0
e 7 6 0
e 6 7 0
e 8 7 0
e 7 8 0
e 9 8 0
e 8 9 0
e 9 3 0
e 3 9 0
e 10 9 0
e 9 10 0
e 11 10 0
e 10 11 0
e 12 11 0
e 11 12 0
e 13 12 0
e 12 13 0
e 14 13 0
e 13 14 0
e 15 14 0
e 14 15 0
e 16 15 0
e 15 16 0
e 16 11 0
e 11 16 0
e 17 16 0
e 16 17 0
e 17 8 0
e 8 17 0
e 18 17 1
e 17 18 1
e 19 18 2
e 18 19 2
e 19 15 1
e 15 19 1
e 20 19 1
e 19 20 1
e 21 20 2
e 20 21 2
e 22 20 1
e 20 22 1
t # 23
v 0 0
v 1 0
v 2 0
v 3 0
v 4 0
v 5 0
v 6 0
v 7 0
v 8 0
v 9 0
v 10 0
v 11 0
v 12 0
v 13 0
v 14 0
v 15 0
v 16 0
v 17 0
v 18 0
v 19 0
v 20 0
v 21 0
v 22 0
v 23 0
v 24 1
v 25 2
v 26 2
e 1 0 0
e 0 1 0
e 2 1 0
e 1 2 0
e 3 2 0
e 2 3 0
e 4 3 0
e 3 4 0
e 5 4 0
e 4 5 0
e 6 5 0
e 5 6 0
e 7 6 0
e 6 7 0
e 8 7 0
e 7 8 0
e 9 8 0
e 8 9 0
e 10 9 0
e 9 10 0
e 11 10 0
e 10 11 0
e 12 11 0
e 11 12 0
e 13 12 0
e 12 13 0
e 14 13 0
e 13 14 0
e 15 14 0
e 14 15 0
e 16 15 0
e 15 16 0
e 17 16 0
e 16 17 0
e 17 0 0
e 0 17 0
e 18 17 0
e 17 18 0
e 19 18 0
e 18 19 0
e 19 2 0
e 2 19 0
e 20 19 0
e 19 20 0
e 20 5 0
e 5 20 0
e 21 20 0
e 20 21 0
e 21 8 0
e 8 21 0
e 22 21 0
e 21 22 0
e 22 11 0
e 11 22 0
e 23 22 0
e 22 23 0
e 23 14 0
e 14 23 0
e 23 18 0
e 18 23 0
e 24 9 1
e 9 24 1
e 25 24 2
e 24 25 2
e 26 24 1
e 24 26 1
t # 24
v 0 0
v 1 0
v 2 0
v 3 0
v 4 0
v 5 0
v 6 1
v 7 2
v 8 2
v 9 0
v 10 0
v 11 0
v 12 0
v 13 0
v 14 0
v 15 0
v 16 2
e 1 0 0
e 0 1 0
e 2 1 0
e 1 2 0
e 3 2 0
e 2 3 0
e 4 3 0
e 3 4 0
e 5 4 0
e 4 5 0
e 5 0 0
e 0 5 0
e 6 5 1
e 5 6 1
e 7 6 2
e 6 7 2
e 8 6 1
e 6 8 1
e 9 3 1
e 3 9 1
e 10 9 1
e 9 10 1
e 11 10 0
e 10 11 0
e 11 2 1
e 2 11 1
e 12 11 0
e 11 12 0
e 13 12 0
e 12 13 0
e 14 13 0
e 13 14 0
e 15 14 0
e 14 15 0
e 15 10 0
e 10 15 0
e 16 14 1
e 14 16 1
t # 25
v 0 0
v 1 0
v 2 0
v 3 0
v 4 0
v 5 0
v 6 1
v 7 2
v 8 2
v 9 1
v 10 2
v 11 2
v 12 5
e 1 0 0
e 0 1 0
e 2 1 0
e 1 2 0
e 3 2 0
e 2 3 0
e 4 3 0
e 3 4 0
e 5 4 0
e 4 5 0
e 5 0 0
e 0 5 0
e 6 5 1
e 5 6 1
e 7 6 2
e 6 7 2
e 8 6 1
e 6 8 1
e 9 3 1
e 3 9 1
e 10 9 2
e 9 10 2
e 11 9 1
e 9 11 1
e 12 2 1
e 2 12 1
t # 26
v 0 0
v 1 0
v 2 0
v 3 0
v 4 0
v 5 0
v 6 0
v 7 0
v 8 0
v 9 0
v 10 0
v 11 0
v 12 0
v 13 0
v 14 0
v 15 0
v 16 0
v 17 0
v 18 0
v 19 0
v 20 1
v 21 2
v 22 2
e 1 0 0
e 0 1 0
e 2 1 0
e 1 2 0
e 3 2 0
e 2 3 0
e 4 3 0
e 3 4 0
e 5 4 0
e 4 5 0
e 5 0 0
e 0 5 0
e 6 4 0
e 4 6 0
e 7 6 0
e 6 7 0
e 8 7 0
e 7 8 0
e 9 8 0
e 8 9 0
e 10 9 0
e 9 10 0
e 11 10 0
e 10 11 0
e 12 11 0
e 11 12 0
e 13 12 0
e 12 13 0
e 14 13 0
e 13 14 0
e 15 14 0
e 14 15 0
e 15 10 0
e 10 15 0
e 16 15 0
e 15 16 0
e 16 7 0
e 7 16 0
e 17 16 0
e 16 17 0
e 17 3 0
e 3 17 0
e 18 17 0
e 17 18 0
e 19 18 0
e 18 19 0
e 19 14 0
e 14 19 0
e 20 13 1
e 13 20 1
e 21 20 2
e 20 21 2
e 22 20 1
e 20 22 1
t # 27
v 0 0
v 1 0
v 2 0
v 3 0
v 4 0
v 5 0
v 6 1
v 7 2
v 8 2
v 9 0
v 10 0
v 11 0
v 12 0
v 13 0
v 14 0
v 15 0
v 16 3
e 1 0 0
e 0 1 0
e 2 1 0
e 1 2 0
e 3 2 0
e 2 3 0
e 4 3 0
e 3 4 0
e 5 4 0
e 4 5 0
e 5 0 0
e 0 5 0
e 6 5 1
e 5 6 1
e 7 6 2
e 6 7 2
e 8 6 1
e 6 8 1
e 9 3 1
e 3 9 1
e 10 9 1
e 9 10 1
e 11 10 0
e 10 11 0
e 11 2 1
e 2 11 1
e 12 11 0
e 11 12 0
e 13 12 0
e 12 13 0
e 14 13 0
e 13 14 0
e 15 14 0
e 14 15 0
e 15 10 0
e 10 15 0
e 16 14 1
e 14 16 1
t # 28
v 0 0
v 1 0
v 2 0
v 3 0
v 4 0
v 5 0
v 6 1
v 7 2
v 8 2
v 9 0
v 10 2
v 11 0
v 12 0
v 13 0
v 14 0
v 15 0
v 16 0
v 17 1
v 18 2
v 19 2
v 20 1
v 21 2
v 22 2
e 1 0 0
e 0 1 0
e 2 1 0
e 1 2 0
e 3 2 0
e 2 3 0
e 4 3 0
e 3 4 0
e 5 4 0
e 4 5 0
e 5 0 0
e 0 5 0
e 6 5 1
e 5 6 1
e 7 6 2
e 6 7 2
e 8 6 1
e 6 8 1
e 9 3 1
e 3 9 1
e 10 9 2
e 9 10 2
e 11 9 1
e 9 11 1
e 12 11 0
e 11 12 0
e 12 2 1
e 2 12 1
e 13 12 0
e 12 13 0
e 14 13 0
e 13 14 0
e 15 14 0
e 14 15 0
e 16 15 0
e 15 16 0
e 16 11 0
e 11 16 0
e 17 15 1
e 15 17 1
e 18 17 2
e 17 18 2
e 19 17 1
e 17 19 1
e 20 13 1
e 13 20 1
e 21 20 2
e 20 21 2
e 22 20 1
e 20 22 1
t # 29
v 0 0
v 1 0
v 2 0
v 3 0
v 4 0
v 5 0
v 6 0
v 7 0
v 8 0
v 9 0
v 10 0
v 11 0
v 12 0
v 13 0
v 14 0
v 15 0
v 16 0
v 17 0
v 18 0
v 19 0
v 20 1
v 21 2
v 22 2
e 1 0 0
e 0 1 0
e 2 1 0
e 1 2 0
e 3 2 0
e 2 3 0
e 4 3 0
e 3 4 0
e 5 4 0
e 4 5 0
e 6 5 0
e 5 6 0
e 7 6 0
e 6 7 0
e 8 7 0
e 7 8 0
e 9 8 0
e 8 9 0
e 10 9 0
e 9 10 0
e 11 10 0
e 10 11 0
e 11 6 0
e 6 11 0
e 12 11 0
e 11 12 0
e 13 12 0
e 12 13 0
e 14 13 0
e 13 14 0
e 14 5 0
e 5 14 0
e 15 14 0
e 14 15 0
e 16 15 0
e 15 16 0
e 16 3 0
e 3 16 0
e 17 16 0
e 16 17 0
e 17 0 0
e 0 17 0
e 18 12 1
e 12 18 1
e 19 18 2
e 18 19 2
e 19 10 1
e 10 19 1
e 20 19 1
e 19 20 1
e 21 20 2
e 20 21 2
e 22 20 1
e 20 22 1
t # 30
v 0 0
v 1 0
v 2 0
v 3 0
v 4 0
v 5 0
v 6 0
v 7 0
v 8 0
v 9 0
v 10 0
v 11 0
v 12 0
v 13 0
v 14 0
v 15 0
v 16 1
v 17 2
v 18 2
v 19 1
v 20 2
v 21 2
e 1 0 0
e 0 1 0
e 2 1 0
e 1 2 0
e 3 2 0
e 2 3 0
e 4 3 0
e 3 4 0
e 5 4 0
e 4 5 0
e 5 0 0
e 0 5 0
e 6 4 1
e 4 6 1
e 7 6 0
e 6 7 0
e 8 7 0
e 7 8 0
e 9 8 0
e 8 9 0
e 10 9 0
e 9 10 0
e 11 10 0
e 10 11 0
e 11 6 0
e 6 11 0
e 12 11 0
e 11 12 0
e 12 3 1
e 3 12 1
e 13 12 0
e 12 13 0
e 14 13 0
e 13 14 0
e 15 14 0
e 14 15 0
e 15 10 0
e 10 15 0
e 16 14 1
e 14 16 1
e 17 16 2
e 16 17 2
e 18 16 1
e 16 18 1
e 19 13 1
e 13 19 1
e 20 19 2
e 19 20 2
e 21 19 1
e 19 21 1
t # 31
v 0 0
v 1 0
v 2 0
v 3 0
v 4 0
v 5 0
v 6 0
v 7 0
v 8 0
v 9 0
v 10 0
v 11 0
v 12 1
v 13 2
v 14 2
v 15 1
v 16 2
v 17 2
v 18 1
v 19 2
v 20 2
v 21 1
v 22 2
v 23 2
e 1 0 0
e 0 1 0
e 2 1 0
e 1 2 0
e 3 2 0
e 2 3 0
e 4 3 0
e 3 4 0
e 5 4 0
e 4 5 0
e 5 0 0
e 0 5 0
e 6 5 1
e 5 6 1
e 7 6 0
e 6 7 0
e 8 7 0
e 7 8 0
e 9 8 0
e 8 9 0
e 10 9 0
e 9 10 0
e 11 10 0
e 10 11 0
e 11 6 0
e 6 11 0
e 12 11 1
e 11 12 1
e 13 12 2
e 12 13 2
e 14 12 1
e 12 14 1
e 15 9 1
e 9 15 1
e 16 15 2
e 15 16 2
e 17 15 1
e 15 17 1
e 18 3 1
e 3 18 1
e 19 18 2
e 18 19 2
e 20 18 1
e 18 20 1
e 21 2 1
e 2 21 1
e 22 21 2
e 21 22 2
e 23 21 1
e 21 23 1
t # 32
v 0 0
v 1 0
v 2 0
v 3 0
v 4 0
v 5 0
v 6 1
v 7 0
v 8 2
v 9 0
v 10 3
v 11 3
v 12 3
v 13 0
v 14 0
v 15 0
v 16 0
v 17 0
v 18 0
v 19 0
v 20 1
v 21 2
v 22 2
e 1 0 0
e 0 1 0
e 2 1 0
e 1 2 0
e 3 2 0
e 2 3 0
e 4 3 0
e 3 4 0
e 5 4 0
e 4 5 0
e 5 0 0
e 0 5 0
e 6 5 1
e 5 6 1
e 7 6 1
e 6 7 1
e 8 7 2
e 7 8 2
e 9 7 1
e 7 9 1
e 10 9 1
e 9 10 1
e 11 9 1
e 9 11 1
e 12 9 1
e 9 12 1
e 13 3 1
e 3 13 1
e 14 13 1
e 13 14 1
e 15 14 0
e 14 15 0
e 15 2 1
e 2 15 1
e 16 15 0
e 15 16 0
e 17 16 0
e 16 17 0
e 18 17 0
e 17 18 0
e 19 18 0
e 18 19 0
e 19 14 0
e 14 19 0
e 20 18 1
e 18 20 1
e 21 20 2
e 20 21 2
e 22 20 1
e 20 22 1
t # 33
v 0 0
v 1 0
v 2 0
v 3 0
v 4 0
v 5 0
v 6 0
v 7 0
v 8 0
v 9 0
v 10 1
v 11 2
v 12 2
e 1 0 0
e 0 1 0
e 2 1 0
e 1 2 0
e 3 2 0
e 2 3 0
e 4 3 0
e 3 4 0
e 5 4 0
e 4 5 0
e 6 5 0
e 5 6 0
e 7 6 0
e 6 7 0
e 8 7 0
e 7 8 0
e 8 3 0
e 3 8 0
e 9 8 0
e 8 9 0
e 9 0 0
e 0 9 0
e 10 5 1
e 5 10 1
e 11 10 2
e 10 11 2
e 12 10 1
e 10 12 1
t # 34
v 0 0
v 1 0
v 2 0
v 3 0
v 4 0
v 5 0
v 6 1
v 7 0
v 8 0
v 9 0
v 10 0
v 11 0
v 12 0
v 13 0
v 14 1
v 15 2
v 16 2
e 1 0 0
e 0 1 0
e 2 1 0
e 1 2 0
e 3 2 0
e 2 3 0
e 4 3 0
e 3 4 0
e 5 4 0
e 4 5 0
e 5 0 0
e 0 5 0
e 6 5 1
e 5 6 1
e 7 3 1
e 3 7 1
e 8 7 1
e 7 8 1
e 9 8 0
e 8 9 0
e 9 2 1
e 2 9 1
e 10 9 0
e 9 10 0
e 11 10 0
e 10 11 0
e 12 11 0
e 11 12 0
e 13 12 0
e 12 13 0
e 13 8 0
e 8 13 0
e 14 12 1
e 12 14 1
e 15 14 2
e 14 15 2
e 16 14 1
e 14 16 1
t # 35
v 0 0
v 1 0
v 2 0
v 3 0
v 4 0
v 5 0
v 6 0
v 7 0
v 8 0
v 9 0
v 10 0
v 11 1
v 12 2
v 13 2
e 1 0 1
e 0 1 1
e 2 1 0
e 1 2 0
e 3 2 0
e 2 3 0
e 4 3 0
e 3 4 0
e 5 4 0
e 4 5 0
e 6 5 0
e 5 6 0
e 7 6 0
e 6 7 0
e 8 7 0
e 7 8 0
e 8 3 0
e 3 8 0
e 9 8 0
e 8 9 0
e 10 9 0
e 9 10 0
e 10 1 0
e 1 10 0
e 11 10 1
e 10 11 1
e 12 11 2
e 11 12 2
e 13 11 1
e 11 13 1
t # 36
v 0 0
v 1 0
v 2 0
v 3 0
v 4 0
v 5 0
v 6 0
v 7 0
v 8 0
v 9 0
v 10 0
v 11 0
v 12 0
v 13 0
v 14 1
v 15 2
v 16 2
e 1 0 0
e 0 1 0
e 2 1 0
e 1 2 0
e 3 2 0
e 2 3 0
e 4 3 0
e 3 4 0
e 5 4 0
e 4 5 0
e 5 0 0
e 0 5 0
e 6 3 1
e 3 6 1
e 7 6 2
e 6 7 2
e 8 7 1
e 7 8 1
e 9 8 0
e 8 9 0
e 10 9 0
e 9 10 0
e 11 10 0
e 10 11 0
e 12 11 0
e 11 12 0
e 13 12 0
e 12 13 0
e 13 8 0
e 8 13 0
e 14 11 1
e 11 14 1
e 15 14 2
e 14 15 2
e 16 14 1
e 14 16 1
t # 37
v 0 0
v 1 0
v 2 0
v 3 0
v 4 0
v 5 0
v 6 0
v 7 0
v 8 0
v 9 0
v 10 0
v 11 0
v 12 1
v 13 2
v 14 2
e 1 0 0
e 0 1 0
e 2 1 0
e 1 2 0
e 3 2 0
e 2 3 0
e 4 3 0
e 3 4 0
e 5 4 0
e 4 5 0
e 5 0 0
e 0 5 0
e 6 3 1
e 3 6 1
e 7 6 0
e 6 7 0
e 8 7 0
e 7 8 0
e 9 8 0
e 8 9 0
e 10 9 0
e 9 10 0
e 11 10 0
e 10 11 0
e 11 6 0
e 6 11 0
e 12 9 1
e 9 12 1
e 13 12 2
e 12 13 2
e 14 12 1
e 12 14 1
t # 38
v 0 0
v 1 2
v 2 0
v 3 0
v 4 0
v 5 0
v 6 0
v 7 0
v 8 1
v 9 0
v 10 0
v 11 0
v 12 1
v 13 2
v 14 2
e 1 0 1
e 0 1 1
e 2 1 1
e 1 2 1
e 3 2 0
e 2 3 0
e 4 3 0
e 3 4 0
e 5 4 0
e 4 5 0
e 6 5 0
e 5 6 0
e 7 6 0
e 6 7 0
e 8 7 0
e 7 8 0
e 9 8 0
e 8 9 0
e 9 4 0
e 4 9 0
e 10 9 0
e 9 10 0
e 11 10 0
e 10 11 0
e 11 2 0
e 2 11 0
e 12 10 1
e 10 12 1
e 13 12 2
e 12 13 2
e 14 12 1
e 12 14 1
t # 39
v 0 0
v 1 0
v 2 0
v 3 0
v 4 0
v 5 0
v 6 0
v 7 0
v 8 0
v 9 0
v 10 1
v 11 2
v 12 2
e 1 0 0
e 0 1 0
e 2 1 0
e 1 2 0
e 3 2 0
e 2 3 0
e 4 3 0
e 3 4 0
e 5 4 0
e 4 5 0
e 5 0 0
e 0 5 0
e 6 4 0
e 4 6 0
e 7 6 0
e 6 7 0
e 8 7 0
e 7 8 0
e 9 8 0
e 8 9 0
e 9 3 0
e 3 9 0
e 10 9 1
e 9 10 1
e 11 10 2
e 10 11 2
e 12 10 1
e 10 12 1
t # 40
v 0 0
v 1 0
v 2 0
v 3 0
v 4 0
v 5 0
v 6 1
v 7 2
v 8 2
v 9 0
v 10 0
v 11 0
v 12 0
v 13 0
v 14 0
v 15 0
v 16 6
e 1 0 0
e 0 1 0
e 2 1 0
e 1 2 0
e 3 2 0
e 2 3 0
e 4 3 0
e 3 4 0
e 5 4 0
e 4 5 0
e 5 0 0
e 0 5 0
e 6 5 1
e 5 6 1
e 7 6 2
e 6 7 2
e 8 6 1
e 6 8 1
e 9 3 1
e 3 9 1
e 10 9 1
e 9 10 1
e 11 10 0
e 10 11 0
e 11 2 1
e 2 11 1
e 12 11 0
e 11 12 0
e 13 12 0
e 12 13 0
e 14 13 0
e 13 14 0
e 15 14 0
e 14 15 0
e 15 10 0
e 10 15 0
e 16 14 1
e 14 16 1
t # 41
v 0 0
v 1 1
v 2 0
v 3 0
v 4 0
v 5 0
v 6 0
v 7 0
v 8 0
v 9 1
v 10 1
v 11 2
v 12 2
e 1 0 1
e 0 1 1
e 2 1 2
e 1 2 2
e 3 2 1
e 2 3 1
e 4 3 1
e 3 4 1
e 5 4 2
e 4 5 2
e 6 5 1
e 5 6 1
e 7 6 2
e 6 7 2
e 8 7 1
e 7 8 1
e 8 3 1
e 3 8 1
e 9 8 2
e 8 9 2
e 9 1 1
e 1 9 1
e 10 5 1
e 5 10 1
e 11 10 2
e 10 11 2
e 12 10 1
e 10 12 1
t # 42
v 0 0
v 1 0
v 2 0
v 3 0
v 4 0
v 5 0
v 6 0
v 7 0
v 8 0
v 9 0
v 10 0
v 11 0
v 12 0
v 13 0
v 14 0
v 15 0
v 16 1
v 17 2
v 18 2
e 1 0 0
e 0 1 0
e 2 1 0
e 1 2 0
e 3 2 0
e 2 3 0
e 4 3 0
e 3 4 0
e 5 4 0
e 4 5 0
e 5 0 0
e 0 5 0
e 6 4 1
e 4 6 1
e 7 6 0
e 6 7 0
e 8 7 0
e 7 8 0
e 9 8 0
e 8 9 0
e 10 9 0
e 9 10 0
e 11 10 0
e 10 11 0
e 11 6 0
e 6 11 0
e 12 11 0
e 11 12 0
e 12 3 1
e 3 12 1
e 13 12 0
e 12 13 0
e 14 13 0
e 13 14 0
e 15 14 0
e 14 15 0
e 15 10 0
e 10 15 0
e 16 14 1
e 14 16 1
e 17 16 2
e 16 17 2
e 18 16 1
e 16 18 1
t # 43
v 0 0
v 1 0
v 2 0
v 3 0
v 4 0
v 5 0
v 6 0
v 7 0
v 8 0
v 9 0
v 10 0
v 11 0
v 12 0
v 13 0
v 14 1
v 15 2
v 16 2
e 1 0 0
e 0 1 0
e 2 1 0
e 1 2 0
e 3 2 0
e 2 3 0
e 4 3 0
e 3 4 0
e 5 4 0
e 4 5 0
e 5 0 0
e 0 5 0
e 6 4 1
e 4 6 1
e 7 6 1
e 6 7 1
e 8 7 1
e 7 8 1
e 9 8 0
e 8 9 0
e 9 3 1
e 3 9 1
e 10 9 0
e 9 10 0
e 11 10 0
e 10 11 0
e 12 11 0
e 11 12 0
e 13 12 0
e 12 13 0
e 13 8 0
e 8 13 0
e 14 12 1
e 12 14 1
e 15 14 2
e 14 15 2
e 16 14 1
e 14 16 1
t # 44
v 0 0
v 1 0
v 2 0
v 3 0
v 4 0
v 5 0
v 6 1
v 7 2
v 8 2
v 9 1
v 10 2
v 11 2
e 1 0 0
e 0 1 0
e 2 1 0
e 1 2 0
e 3 2 0
e 2 3 0
e 4 3 0
e 3 4 0
e 5 4 0
e 4 5 0
e 5 0 0
e 0 5 0
e 6 5 1
e 5 6 1
e 7 6 2
e 6 7 2
e 8 6 1
e 6 8 1
e 9 2 1
e 2 9 1
e 10 9 2
e 9 10 2
e 11 9 1
e 9 11 1
t # 45
v 0 0
v 1 0
v 2 0
v 3 0
v 4 0
v 5 0
v 6 0
v 7 0
v 8 0
v 9 0
v 10 0
v 11 0
v 12 0
v 13 0
v 14 0
v 15 0
v 16 1
v 17 2
v 18 2
v 19 0
v 20 0
v 21 0
v 22 0
e 1 0 0
e 0 1 0
e 2 1 0
e 1 2 0
e 3 2 0
e 2 3 0
e 4 3 0
e 3 4 0
e 5 4 0
e 4 5 0
e 6 5 0
e 5 6 0
e 7 6 0
e 6 7 0
e 7 2 0
e 2 7 0
e 8 7 0
e 7 8 0
e 9 8 0
e 8 9 0
e 9 0 0
e 0 9 0
e 10 9 0
e 9 10 0
e 11 10 0
e 10 11 0
e 12 11 0
e 11 12 0
e 13 12 0
e 12 13 0
e 13 8 0
e 8 13 0
e 14 13 0
e 13 14 0
e 15 14 0
e 14 15 0
e 15 6 0
e 6 15 0
e 16 12 1
e 12 16 1
e 17 16 2
e 16 17 2
e 18 16 1
e 16 18 1
e 19 5 1
e 5 19 1
e 20 19 1
e 19 20 1
e 21 20 1
e 20 21 1
e 22 21 1
e 21 22 1
e 22 4 1
e 4 22 1
t # 46
v 0 0
v 1 0
v 2 0
v 3 0
v 4 0
v 5 0
v 6 0
v 7 0
v 8 0
v 9 0
v 10 0
v 11 0
v 12 0
v 13 0
v 14 1
v 15 2
v 16 2
v 17 0
v 18 0
v 19 1
v 20 2
v 21 2
e 1 0 0
e 0 1 0
e 2 1 0
e 1 2 0
e 3 2 0
e 2 3 0
e 4 3 0
e 3 4 0
e 5 4 0
e 4 5 0
e 5 0 0
e 0 5 0
e 6 5 1
e 5 6 1
e 7 6 1
e 6 7 1
e 8 7 1
e 7 8 1
e 9 8 0
e 8 9 0
e 9 4 1
e 4 9 1
e 10 9 0
e 9 10 0
e 11 10 0
e 10 11 0
e 12 11 0
e 11 12 0
e 13 12 0
e 12 13 0
e 13 8 0
e 8 13 0
e 14 12 1
e 12 14 1
e 15 14 2
e 14 15 2
e 16 14 1
e 14 16 1
e 17 10 1
e 10 17 1
e 18 17 1
e 17 18 1
e 18 3 1
e 3 18 1
e 19 1 1
e 1 19 1
e 20 19 2
e 19 20 2
e 21 19 1
e 19 21 1
t # 47
v 0 0
v 1 0
v 2 0
v 3 0
v 4 0
v 5 0
v 6 0
v 7 0
v 8 0
v 9 0
v 10 0
v 11 0
v 12 0
v 13 0
v 14 1
v 15 2
v 16 2
e 1 0 0
e 0 1 0
e 2 1 0
e 1 2 0
e 3 2 0
e 2 3 0
e 4 3 0
e 3 4 0
e 5 4 0
e 4 5 0
e 6 5 0
e 5 6 0
e 7 6 0
e 6 7 0
e 8 7 0
e 7 8 0
e 9 8 0
e 8 9 0
e 10 9 0
e 9 10 0
e 10 5 0
e 5 10 0
e 11 10 0
e 10 11 0
e 12 11 0
e 11 12 0
e 12 3 0
e 3 12 0
e 13 12 0
e 12 13 0
e 13 0 0
e 0 13 0
e 14 7 1
e 7 14 1
e 15 14 2
e 14 15 2
e 16 14 1
e 14 16 1
t # 48
v 0 0
v 1 0
v 2 0
v 3 0
v 4 0
v 5 0
v 6 1
v 7 2
v 8 2
v 9 1
v 10 0
v 11 0
v 12 0
v 13 0
v 14 0
v 15 0
v 16 1
v 17 1
v 18 2
v 19 2
e 1 0 0
e 0 1 0
e 2 1 0
e 1 2 0
e 3 2 0
e 2 3 0
e 4 3 0
e 3 4 0
e 5 4 0
e 4 5 0
e 5 0 0
e 0 5 0
e 6 5 1
e 5 6 1
e 7 6 2
e 6 7 2
e 8 6 1
e 6 8 1
e 9 3 0
e 3 9 0
e 10 9 0
e 9 10 0
e 11 10 0
e 10 11 0
e 12 11 0
e 11 12 0
e 13 12 0
e 12 13 0
e 14 13 0
e 13 14 0
e 15 14 0
e 14 15 0
e 15 10 0
e 10 15 0
e 16 15 0
e 15 16 0
e 16 2 0
e 2 16 0
e 17 12 1
e 12 17 1
e 18 17 2
e 17 18 2
e 19 17 1
e 17 19 1
t # 49
v 0 0
v 1 0
v 2 0
v 3 0
v 4 0
v 5 0
v 6 0
v 7 0
v 8 1
v 9 2
v 10 2
v 11 0
v 12 0
v 13 1
v 14 2
v 15 2
e 1 0 0
e 0 1 0
e 2 1 0
e 1 2 0
e 3 2 0
e 2 3 0
e 4 3 0
e 3 4 0
e 5 4 0
e 4 5 0
e 6 5 0
e 5 6 0
e 7 6 0
e 6 7 0
e 7 2 0
e 2 7 0
e 8 7 1
e 7 8 1
e 9 8 2
e 8 9 2
e 10 8 1
e 8 10 1
e 11 3 0
e 3 11 0
e 12 11 0
e 11 12 0
e 12 0 0
e 0 12 0
e 13 11 1
e 11 13 1
e 14 13 2
e 13 14 2
e 15 13 1
e 13 15 1
t # 50
v 0 0
v 1 0
v 2 0
v 3 0
v 4 0
v 5 0
v 6 0
v 7 0
v 8 0
v 9 0
v 10 0
v 11 0
v 12 0
v 13 0
v 14 0
v 15 0
v 16 0
v 17 0
v 18 0
v 19 0
v 20 1
v 21 2
v 22 2
v 23 1
v 24 2
v 25 2
e 1 0 0
e 0 1 0
e 2 1 0
e 1 2 0
e 3 2 0
e 2 3 0
e 4 3 0
e 3 4 0
e 5 4 0
e 4 5 0
e 6 5 0
e 5 6 0
e 7 6 0
e 6 7 0
e 7 2 0
e 2 7 0
e 8 7 0
e 7 8 0
e 9 8 0
e 8 9 0
e 9 0 0
e 0 9 0
e 10 9 0
e 9 10 0
e 11 10 0
e 10 11 0
e 12 11 0
e 11 12 0
e 13 12 0
e 12 13 0
e 13 8 0
e 8 13 0
e 14 13 0
e 13 14 0
e 15 14 0
e 14 15 0
e 15 6 0
e 6 15 0
e 16 15 1
e 15 16 1
e 17 16 1
e 16 17 1
e 18 17 1
e 17 18 1
e 19 18 1
e 18 19 1
e 19 14 1
e 14 19 1
e 20 12 1
e 12 20 1
e 21 20 2
e 20 21 2
e 22 20 1
e 20 22 1
e 23 3 1
e 3 23 1
e 24 23 2
e 23 24 2
e 25 23 1
e 23 25 1
t # 51
v 0 0
v 1 0
v 2 0
v 3 0
v 4 0
v 5 0
v 6 0
v 7 0
v 8 0
v 9 0
v 10 0
v 11 0
v 12 0
v 13 0
v 14 0
v 15 0
v 16 0
v 17 0
v 18 0
v 19 0
v 20 1
v 21 2
v 22 2
v 23 1
v 24 2
v 25 2
e 1 0 0
e 0 1 0
e 2 1 0
e 1 2 0
e 3 2 0
e 2 3 0
e 4 3 0
e 3 4 0
e 5 4 0
e 4 5 0
e 6 5 0
e 5 6 0
e 7 6 0
e 6 7 0
e 8 7 0
e 7 8 0
e 9 8 0
e 8 9 0
e 10 9 0
e 9 10 0
e 10 5 0
e 5 10 0
e 11 10 0
e 10 11 0
e 11 2 0
e 2 11 0
e 12 11 0
e 11 12 0
e 13 12 0
e 12 13 0
e 13 0 0
e 0 13 0
e 14 12 0
e 12 14 0
e 15 14 0
e 14 15 0
e 15 9 0
e 9 15 0
e 16 15 1
e 15 16 1
e 17 16 1
e 16 17 1
e 18 17 1
e 17 18 1
e 19 18 1
e 18 19 1
e 19 14 1
e 14 19 1
e 20 8 1
e 8 20 1
e 21 20 2
e 20 21 2
e 22 20 1
e 20 22 1
e 23 6 1
e 6 23 1
e 24 23 2
e 23 24 2
e 25 23 1
e 23 25 1
t # 52
v 0 0
v 1 0
v 2 0
v 3 0
v 4 0
v 5 0
v 6 1
v 7 2
v 8 2
v 9 0
v 10 0
v 11 0
v 12 0
v 13 0
v 14 0
v 15 0
v 16 1
v 17 2
v 18 2
e 1 0 0
e 0 1 0
e 2 1 0
e 1 2 0
e 3 2 0
e 2 3 0
e 4 3 0
e 3 4 0
e 5 4 0
e 4 5 0
e 5 0 0
e 0 5 0
e 6 5 1
e 5 6 1
e 7 6 2
e 6 7 2
e 8 6 1
e 6 8 1
e 9 3 1
e 3 9 1
e 10 9 1
e 9 10 1
e 11 10 0
e 10 11 0
e 11 2 1
e 2 11 1
e 12 11 0
e 11 12 0
e 13 12 0
e 12 13 0
e 14 13 0
e 13 14 0
e 15 14 0
e 14 15 0
e 15 10 0
e 10 15 0
e 16 14 1
e 14 16 1
e 17 16 2
e 16 17 2
e 18 16 1
e 16 18 1
t # 53
v 0 0
v 1 0
v 2 0
v 3 0
v 4 0
v 5 0
v 6 1
v 7 2
v 8 2
v 9 2
v 10 0
v 11 0
v 12 0
v 13 0
v 14 0
v 15 0
v 16 2
v 17 5
v 18 5
e 1 0 0
e 0 1 0
e 2 1 0
e 1 2 0
e 3 2 0
e 2 3 0
e 4 3 0
e 3 4 0
e 5 4 0
e 4 5 0
e 5 0 0
e 0 5 0
e 6 5 1
e 5 6 1
e 7 6 2
e 6 7 2
e 8 6 1
e 6 8 1
e 9 3 1
e 3 9 1
e 10 9 1
e 9 10 1
e 11 10 0
e 10 11 0
e 12 11 0
e 11 12 0
e 13 12 0
e 12 13 0
e 14 13 0
e 13 14 0
e 15 14 0
e 14 15 0
e 15 10 0
e 10 15 0
e 16 15 1
e 15 16 1
e 16 2 1
e 2 16 1
e 17 13 1
e 13 17 1
e 18 12 1
e 12 18 1
t # 54
v 0 0
v 1 0
v 2 0
v 3 0
v 4 0
v 5 0
v 6 0
v 7 0
v 8 0
v 9 0
v 10 0
v 11 1
v 12 2
v 13 2
e 1 0 1
e 0 1 1
e 2 1 0
e 1 2 0
e 3 2 0
e 2 3 0
e 4 3 0
e 3 4 0
e 5 4 0
e 4 5 0
e 6 5 0
e 5 6 0
e 7 6 0
e 6 7 0
e 7 2 0
e 2 7 0
e 8 7 0
e 7 8 0
e 9 8 0
e 8 9 0
e 10 9 0
e 9 10 0
e 10 1 0
e 1 10 0
e 11 10 1
e 10 11 1
e 12 11 2
e 11 12 2
e 13 11 1
e 11 13 1
t # 55
v 0 0
v 1 0
v 2 0
v 3 0
v 4 0
v 5 0
v 6 1
v 7 0
v 8 0
v 9 0
v 10 0
v 11 0
v 12 0
v 13 1
v 14 1
v 15 2
v 16 2
e 1 0 0
e 0 1 0
e 2 1 0
e 1 2 0
e 3 2 0
e 2 3 0
e 4 3 0
e 3 4 0
e 5 4 0
e 4 5 0
e 5 0 0
e 0 5 0
e 6 4 0
e 4 6 0
e 7 6 0
e 6 7 0
e 8 7 0
e 7 8 0
e 9 8 0
e 8 9 0
e 10 9 0
e 9 10 0
e 11 10 0
e 10 11 0
e 12 11 0
e 11 12 0
e 12 7 0
e 7 12 0
e 13 12 0
e 12 13 0
e 13 3 0
e 3 13 0
e 14 10 1
e 10 14 1
e 15 14 2
e 14 15 2
e 16 14 1
e 14 16 1
t # 56
v 0 0
v 1 0
v 2 0
v 3 0
v 4 0
v 5 0
v 6 0
v 7 0
v 8 0
v 9 0
v 10 0
v 11 0
v 12 1
v 13 2
v 14 2
v 15 1
v 16 2
v 17 2
v 18 1
v 19 2
v 20 2
e 1 0 0
e 0 1 0
e 2 1 0
e 1 2 0
e 3 2 0
e 2 3 0
e 4 3 0
e 3 4 0
e 5 4 0
e 4 5 0
e 5 0 0
e 0 5 0
e 6 5 1
e 5 6 1
e 7 6 0
e 6 7 0
e 8 7 0
e 7 8 0
e 9 8 0
e 8 9 0
e 10 9 0
e 9 10 0
e 11 10 0
e 10 11 0
e 11 6 0
e 6 11 0
e 12 11 1
e 11 12 1
e 13 12 2
e 12 13 2
e 14 12 1
e 12 14 1
e 15 9 1
e 9 15 1
e 16 15 2
e 15 16 2
e 17 15 1
e 15 17 1
e 18 2 1
e 2 18 1
e 19 18 2
e 18 19 2
e 20 18 1
e 18 20 1
t # 57
v 0 0
v 1 0
v 2 0
v 3 0
v 4 0
v 5 0
v 6 0
v 7 0
v 8 0
v 9 0
v 10 0
v 11 0
v 12 0
v 13 1
v 14 2
v 15 2
v 16 0
v 17 0
v 18 0
v 19 0
v 20 0
v 21 0
v 22 0
v 23 2
v 24 2
e 1 0 0
e 0 1 0
e 2 1 0
e 1 2 0
e 3 2 0
e 2 3 0
e 4 3 0
e 3 4 0
e 5 4 0
e 4 5 0
e 6 5 0
e 5 6 0
e 7 6 0
e 6 7 0
e 8 7 0
e 7 8 0
e 8 3 0
e 3 8 0
e 9 8 0
e 8 9 0
e 9 0 0
e 0 9 0
e 10 9 0
e 9 10 0
e 11 10 0
e 10 11 0
e 12 11 0
e 11 12 0
e 12 7 0
e 7 12 0
e 13 12 1
e 12 13 1
e 14 13 2
e 13 14 2
e 15 13 1
e 13 15 1
e 16 4 0
e 4 16 0
e 17 16 0
e 16 17 0
e 18 17 0
e 17 18 0
e 18 2 0
e 2 18 0
e 19 18 1
e 18 19 1
e 20 19 1
e 19 20 1
e 21 20 1
e 20 21 1
e 22 21 2
e 21 22 2
e 22 17 1
e 17 22 1
e 23 20 1
e 20 23 1
e 24 19 1
e 19 24 1
t # 58
v 0 0
v 1 0
v 2 0
v 3 0
v 4 0
v 5 0
v 6 0
v 7 0
v 8 0
v 9 0
v 10 0
v 11 0
v 12 0
v 13 0
v 14 0
v 15 0
v 16 0
v 17 0
v 18 0
v 19 0
v 20 1
v 21 2
v 22 2
e 1 0 0
e 0 1 0
e 2 1 0
e 1 2 0
e 3 2 0
e 2 3 0
e 4 3 0
e 3 4 0
e 5 4 0
e 4 5 0
e 5 0 0
e 0 5 0
e 6 4 0
e 4 6 0
e 7 6 0
e 6 7 0
e 8 7 0
e 7 8 0
e 9 8 0
e 8 9 0
e 9 3 0
e 3 9 0
e 10 9 0
e 9 10 0
e 11 10 0
e 10 11 0
e 12 11 0
e 11 12 0
e 13 12 0
e 12 13 0
e 13 8 0
e 8 13 0
e 14 12 0
e 12 14 0
e 15 14 0
e 14 15 0
e 16 15 0
e 15 16 0
e 17 16 0
e 16 17 0
e 17 11 0
e 11 17 0
e 18 17 1
e 17 18 1
e 19 18 2
e 18 19 2
e 19 10 1
e 10 19 1
e 20 18 1
e 18 20 1
e 21 20 2
e 20 21 2
e 22 20 1
e 20 22 1
t # 59
v 0 0
v 1 0
v 2 0
v 3 0
v 4 0
v 5 0
v 6 0
v 7 0
v 8 0
v 9 0
v 10 1
v 11 2
v 12 2
v 13 1
v 14 2
v 15 2
v 16 1
v 17 2
v 18 2
e 1 0 0
e 0 1 0
e 2 1 0
e 1 2 0
e 3 2 0
e 2 3 0
e 4 3 0
e 3 4 0
e 5 4 0
e 4 5 0
e 6 5 0
e 5 6 0
e 7 6 0
e 6 7 0
e 7 2 0
e 2 7 0
e 8 7 0
e 7 8 0
e 9 8 0
e 8 9 0
e 9 0 0
e 0 9 0
e 10 8 1
e 8 10 1
e 11 10 2
e 10 11 2
e 12 10 1
e 10 12 1
e 13 6 1
e 6 13 1
e 14 13 2
e 13 14 2
e 15 13 1
e 13 15 1
e 16 4 1
e 4 16 1
e 17 16 2
e 16 17 2
e 18 16 1
e 16 18 1
t # 60
v 0 0
v 1 0
v 2 0
v 3 0
v 4 0
v 5 0
v 6 1
v 7 2
v 8 2
v 9 0
v 10 0
v 11 0
v 12 0
v 13 0
v 14 0
v 15 0
v 16 5
e 1 0 0
e 0 1 0
e 2 1 0
e 1 2 0
e 3 2 0
e 2 3 0
e 4 3 0
e 3 4 0
e 5 4 0
e 4 5 0
e 5 0 0
e 0 5 0
e 6 5 1
e 5 6 1
e 7 6 2
e 6 7 2
e 8 6 1
e 6 8 1
e 9 3 1
e 3 9 1
e 10 9 1
e 9 10 1
e 11 10 0
e 10 11 0
e 11 2 1
e 2 11 1
e 12 11 0
e 11 12 0
e 13 12 0
e 12 13 0
e 14 13 0
e 13 14 0
e 15 14 0
e 14 15 0
e 15 10 0
e 10 15 0
e 16 14 1
e 14 16 1
t # 61
v 0 0
v 1 0
v 2 0
v 3 0
v 4 0
v 5 0
v 6 1
v 7 2
v 8 2
v 9 2
v 10 1
e 1 0 0
e 0 1 0
e 2 1 0
e 1 2 0
e 3 2 0
e 2 3 0
e 4 3 0
e 3 4 0
e 5 4 0
e 4 5 0
e 5 0 0
e 0 5 0
e 6 5 1
e 5 6 1
e 7 6 2
e 6 7 2
e 8 6 1
e 6 8 1
e 9 3 1
e 3 9 1
e 10 2 1
e 2 10 1
t # 62
v 0 0
v 1 0
v 2 0
v 3 2
v 4 0
v 5 0
v 6 0
v 7 0
v 8 2
v 9 1
v 10 1
v 11 0
v 12 0
v 13 0
v 14 0
v 15 0
v 16 2
v 17 1
v 18 2
v 19 2
v 20 1
v 21 2
v 22 2
e 1 0 0
e 0 1 0
e 2 1 0
e 1 2 0
e 3 2 0
e 2 3 0
e 4 3 0
e 3 4 0
e 4 0 0
e 0 4 0
e 5 4 1
e 4 5 1
e 6 5 2
e 5 6 2
e 7 6 1
e 6 7 1
e 8 7 2
e 7 8 2
e 9 7 1
e 7 9 1
e 10 9 1
e 9 10 1
e 11 10 2
e 10 11 2
e 12 11 1
e 11 12 1
e 13 12 0
e 12 13 0
e 14 13 0
e 13 14 0
e 15 14 0
e 14 15 0
e 16 15 0
e 15 16 0
e 16 12 0
e 12 16 0
e 17 15 1
e 15 17 1
e 18 17 2
e 17 18 2
e 19 17 1
e 17 19 1
e 20 2 1
e 2 20 1
e 21 20 2
e 20 21 2
e 22 20 1
e 20 22 1
t # 63
v 0 0
v 1 0
v 2 0
v 3 0
v 4 0
v 5 0
v 6 1
v 7 2
v 8 2
v 9 0
v 10 2
v 11 0
v 12 0
v 13 0
v 14 0
v 15 0
v 16 0
v 17 1
v 18 2
v 19 2
e 1 0 0
e 0 1 0
e 2 1 0
e 1 2 0
e 3 2 0
e 2 3 0
e 4 3 0
e 3 4 0
e 5 4 0
e 4 5 0
e 5 0 0
e 0 5 0
e 6 5 1
e 5 6 1
e 7 6 2
e 6 7 2
e 8 6 1
e 6 8 1
e 9 3 1
e 3 9 1
e 10 9 2
e 9 10 2
e 11 9 1
e 9 11 1
e 12 11 0
e 11 12 0
e 12 2 1
e 2 12 1
e 13 12 0
e 12 13 0
e 14 13 0
e 13 14 0
e 15 14 0
e 14 15 0
e 16 15 0
e 15 16 0
e 16 11 0
e 11 16 0
e 17 15 1
e 15 17 1
e 18 17 2
e 17 18 2
e 19 17 1
e 17 19 1
t # 64
v 0 0
v 1 0
v 2 0
v 3 0
v 4 0
v 5 0
v 6 0
v 7 0
v 8 0
v 9 0
v 10 1
v 11 2
v 12 2
v 13 1
v 14 2
v 15 2
e 1 0 0
e 0 1 0
e 2 1 0
e 1 2 0
e 3 2 0
e 2 3 0
e 4 3 0
e 3 4 0
e 5 4 0
e 4 5 0
e 5 0 0
e 0 5 0
e 6 4 0
e 4 6 0
e 7 6 0
e 6 7 0
e 8 7 0
e 7 8 0
e 9 8 0
e 8 9 0
e 9 3 0
e 3 9 0
e 10 9 1
e 9 10 1
e 11 10 2
e 10 11 2
e 12 10 1
e 10 12 1
e 13 7 1
e 7 13 1
e 14 13 2
e 13 14 2
e 15 13 1
e 13 15 1
t # 65
v 0 0
v 1 0
v 2 0
v 3 0
v 4 0
v 5 0
v 6 1
v 7 2
v 8 2
v 9 0
v 10 0
v 11 0
v 12 0
v 13 0
v 14 0
v 15 1
e 1 0 0
e 0 1 0
e 2 1 0
e 1 2 0
e 3 2 0
e 2 3 0
e 4 3 0
e 3 4 0
e 5 4 0
e 4 5 0
e 5 0 0
e 0 5 0
e 6 4 1
e 4 6 1
e 7 6 2
e 6 7 2
e 8 6 1
e 6 8 1
e 9 2 1
e 2 9 1
e 10 9 0
e 9 10 0
e 11 10 0
e 10 11 0
e 12 11 0
e 11 12 0
e 13 12 0
e 12 13 0
e 14 13 0
e 13 14 0
e 14 9 0
e 9 14 0
e 15 12 1
e 12 15 1
t # 66
v 0 0
v 1 0
v 2 0
v 3 0
v 4 0
v 5 0
v 6 0
v 7 0
v 8 0
v 9 0
v 10 0
v 11 0
v 12 0
v 13 0
v 14 0
v 15 0
v 16 2
v 17 1
v 18 2
v 19 2
e 1 0 0
e 0 1 0
e 2 1 0
e 1 2 0
e 3 2 0
e 2 3 0
e 4 3 0
e 3 4 0
e 5 4 0
e 4 5 0
e 5 0 0
e 0 5 0
e 6 4 1
e 4 6 1
e 7 6 0
e 6 7 0
e 8 7 0
e 7 8 0
e 9 8 0
e 8 9 0
e 10 9 0
e 9 10 0
e 11 10 0
e 10 11 0
e 11 6 0
e 6 11 0
e 12 11 0
e 11 12 0
e 12 3 1
e 3 12 1
e 13 12 0
e 12 13 0
e 14 13 0
e 13 14 0
e 15 14 0
e 14 15 0
e 15 10 0
e 10 15 0
e 16 14 1
e 14 16 1
e 17 13 1
e 13 17 1
e 18 17 2
e 17 18 2
e 19 17 1
e 17 19 1
t # 67
v 0 0
v 1 0
v 2 0
v 3 0
v 4 0
v 5 0
v 6 0
v 7 0
v 8 0
v 9 0
v 10 0
v 11 0
v 12 0
v 13 0
v 14 0
v 15 0
v 16 0
v 17 0
v 18 0
v 19 0
v 20 1
v 21 2
v 22 2
e 1 0 0
e 0 1 0
e 2 1 0
e 1 2 0
e 3 2 0
e 2 3 0
e 4 3 0
e 3 4 0
e 5 4 0
e 4 5 0
e 5 0 0
e 0 5 0
e 6 4 0
e 4 6 0
e 7 6 0
e 6 7 0
e 8 7 0
e 7 8 0
e 9 8 0
e 8 9 0
e 10 9 0
e 9 10 0
e 11 10 0
e 10 11 0
e 12 11 0
e 11 12 0
e 13 12 0
e 12 13 0
e 14 13 0
e 13 14 0
e 15 14 0
e 14 15 0
e 15 10 0
e 10 15 0
e 16 15 0
e 15 16 0
e 16 7 0
e 7 16 0
e 17 16 0
e 16 17 0
e 17 3 0
e 3 17 0
e 18 17 0
e 17 18 0
e 19 18 0
e 18 19 0
e 19 14 0
e 14 19 0
e 20 11 1
e 11 20 1
e 21 20 2
e 20 21 2
e 22 20 1
e 20 22 1
t # 68
v 0 0
v 1 0
v 2 0
v 3 0
v 4 0
v 5 0
v 6 1
v 7 2
v 8 2
v 9 0
v 10 0
v 11 0
v 12 0
v 13 0
v 14 0
v 15 0
v 16 1
v 17 2
v 18 2
e 1 0 0
e 0 1 0
e 2 1 0
e 1 2 0
e 3 2 0
e 2 3 0
e 4 3 0
e 3 4 0
e 5 4 0
e 4 5 0
e 5 0 0
e 0 5 0
e 6 4 1
e 4 6 1
e 7 6 2
e 6 7 2
e 8 6 1
e 6 8 1
e 9 3 1
e 3 9 1
e 10 9 0
e 9 10 0
e 11 10 0
e 10 11 0
e 12 11 0
e 11 12 0
e 13 12 0
e 12 13 0
e 14 13 0
e 13 14 0
e 14 9 0
e 9 14 0
e 15 14 1
e 14 15 1
e 15 2 1
e 2 15 1
e 16 12 1
e 12 16 1
e 17 16 2
e 16 17 2
e 18 16 1
e 16 18 1
t # 69
v 0 0
v 1 0
v 2 0
v 3 0
v 4 0
v 5 0
v 6 1
v 7 2
v 8 2
v 9 0
v 10 2
v 11 0
v 12 2
v 13 1
e 1 0 0
e 0 1 0
e 2 1 0
e 1 2 0
e 3 2 0
e 2 3 0
e 4 3 0
e 3 4 0
e 5 4 0
e 4 5 0
e 5 0 0
e 0 5 0
e 6 5 1
e 5 6 1
e 7 6 2
e 6 7 2
e 8 6 1
e 6 8 1
e 9 3 1
e 3 9 1
e 10 9 2
e 9 10 2
e 11 9 1
e 9 11 1
e 12 11 2
e 11 12 2
e 13 11 1
e 11 13 1
e 13 2 1
e 2 13 1
t # 70
v 0 0
v 1 0
v 2 0
v 3 0
v 4 0
v 5 0
v 6 0
v 7 0
v 8 0
v 9 0
v 10 0
v 11 0
v 12 0
v 13 0
v 14 0
v 15 0
v 16 0
v 17 0
v 18 0
v 19 0
v 20 1
v 21 2
v 22 2
v 23 1
v 24 2
v 25 2
e 1 0 0
e 0 1 0
e 2 1 0
e 1 2 0
e 3 2 0
e 2 3 0
e 4 3 0
e 3 4 0
e 5 4 0
e 4 5 0
e 6 5 0
e 5 6 0
e 7 6 0
e 6 7 0
e 7 2 0
e 2 7 0
e 8 7 0
e 7 8 0
e 9 8 0
e 8 9 0
e 9 0 0
e 0 9 0
e 10 9 0
e 9 10 0
e 11 10 0
e 10 11 0
e 12 11 0
e 11 12 0
e 13 12 0
e 12 13 0
e 13 8 0
e 8 13 0
e 14 13 0
e 13 14 0
e 15 14 0
e 14 15 0
e 15 6 0
e 6 15 0
e 16 15 1
e 15 16 1
e 17 16 1
e 16 17 1
e 18 17 1
e 17 18 1
e 19 18 1
e 18 19 1
e 19 14 1
e 14 19 1
e 20 12 1
e 12 20 1
e 21 20 2
e 20 21 2
e 22 20 1
e 20 22 1
e 23 5 1
e 5 23 1
e 24 23 2
e 23 24 2
e 25 23 1
e 23 25 1
t # 71
v 0 0
v 1 0
v 2 0
v 3 0
v 4 0
v 5 0
v 6 0
v 7 0
v 8 0
v 9 0
v 10 0
v 11 0
v 12 0
v 13 1
v 14 2
v 15 2
e 1 0 0
e 0 1 0
e 2 1 0
e 1 2 0
e 3 2 0
e 2 3 0
e 4 3 0
e 3 4 0
e 5 4 0
e 4 5 0
e 5 0 0
e 0 5 0
e 6 4 1
e 4 6 1
e 7 6 1
e 6 7 1
e 8 7 0
e 7 8 0
e 8 3 1
e 3 8 1
e 9 8 0
e 8 9 0
e 10 9 0
e 9 10 0
e 11 10 0
e 10 11 0
e 12 11 0
e 11 12 0
e 12 7 0
e 7 12 0
e 13 11 1
e 11 13 1
e 14 13 2
e 13 14 2
e 15 13 1
e 13 15 1
t # 72
v 0 0
v 1 0
v 2 0
v 3 0
v 4 0
v 5 0
v 6 0
v 7 0
v 8 0
v 9 0
v 10 0
v 11 0
v 12 1
v 13 1
v 14 2
v 15 2
e 1 0 0
e 0 1 0
e 2 1 0
e 1 2 0
e 3 2 0
e 2 3 0
e 4 3 0
e 3 4 0
e 5 4 0
e 4 5 0
e 5 0 0
e 0 5 0
e 6 4 1
e 4 6 1
e 7 6 0
e 6 7 0
e 8 7 0
e 7 8 0
e 9 8 0
e 8 9 0
e 10 9 0
e 9 10 0
e 11 10 0
e 10 11 0
e 11 6 0
e 6 11 0
e 12 10 1
e 10 12 1
e 13 3 1
e 3 13 1
e 14 13 2
e 13 14 2
e 15 13 1
e 13 15 1
t # 73
v 0 0
v 1 0
v 2 0
v 3 0
v 4 0
v 5 0
v 6 0
v 7 0
v 8 0
v 9 0
v 10 0
v 11 0
v 12 0
v 13 0
v 14 0
v 15 0
v 16 0
v 17 0
v 18 0
v 19 0
v 20 1
v 21 2
v 22 2
e 1 0 0
e 0 1 0
e 2 1 0
e 1 2 0
e 3 2 0
e 2 3 0
e 4 3 0
e 3 4 0
e 5 4 0
e 4 5 0
e 6 5 0
e 5 6 0
e 7 6 0
e 6 7 0
e 7 2 0
e 2 7 0
e 8 7 0
e 7 8 0
e 9 8 0
e 8 9 0
e 9 0 0
e 0 9 0
e 10 8 1
e 8 10 1
e 11 10 0
e 10 11 0
e 11 6 1
e 6 11 1
e 12 11 0
e 11 12 0
e 13 12 0
e 12 13 0
e 14 13 0
e 13 14 0
e 15 14 0
e 14 15 0
e 16 15 0
e 15 16 0
e 17 16 0
e 16 17 0
e 18 17 0
e 17 18 0
e 18 13 0
e 13 18 0
e 19 18 0
e 18 19 0
e 19 10 0
e 10 19 0
e 20 15 1
e 15 20 1
e 21 20 2
e 20 21 2
e 22 20 1
e 20 22 1
t # 74
v 0 0
v 1 0
v 2 0
v 3 0
v 4 0
v 5 0
v 6 0
v 7 0
v 8 0
v 9 0
v 10 0
v 11 0
v 12 1
v 13 2
v 14 2
v 15 1
v 16 2
v 17 2
e 1 0 0
e 0 1 0
e 2 1 0
e 1 2 0
e 3 2 0
e 2 3 0
e 4 3 0
e 3 4 0
e 5 4 0
e 4 5 0
e 5 0 0
e 0 5 0
e 6 5 1
e 5 6 1
e 7 6 0
e 6 7 0
e 8 7 0
e 7 8 0
e 9 8 0
e 8 9 0
e 10 9 0
e 9 10 0
e 11 10 0
e 10 11 0
e 11 6 0
e 6 11 0
e 12 9 1
e 9 12 1
e 13 12 2
e 12 13 2
e 14 12 1
e 12 14 1
e 15 2 1
e 2 15 1
e 16 15 2
e 15 16 2
e 17 15 1
e 15 17 1
t # 75
v 0 0
v 1 0
v 2 0
v 3 0
v 4 0
v 5 0
v 6 1
v 7 2
v 8 2
v 9 5
e 1 0 0
e 0 1 0
e 2 1 0
e 1 2 0
e 3 2 0
e 2 3 0
e 4 3 0
e 3 4 0
e 5 4 0
e 4 5 0
e 5 0 0
e 0 5 0
e 6 4 1
e 4 6 1
e 7 6 2
e 6 7 2
e 8 6 1
e 6 8 1
e 9 3 1
e 3 9 1
t # 76
v 0 0
v 1 0
v 2 0
v 3 0
v 4 0
v 5 0
v 6 0
v 7 0
v 8 0
v 9 0
v 10 0
v 11 0
v 12 1
v 13 2
v 14 2
v 15 1
e 1 0 0
e 0 1 0
e 2 1 0
e 1 2 0
e 3 2 0
e 2 3 0
e 4 3 0
e 3 4 0
e 5 4 0
e 4 5 0
e 5 0 0
e 0 5 0
e 6 4 1
e 4 6 1
e 7 6 0
e 6 7 0
e 8 7 0
e 7 8 0
e 9 8 0
e 8 9 0
e 10 9 0
e 9 10 0
e 11 10 0
e 10 11 0
e 11 6 0
e 6 11 0
e 12 10 1
e 10 12 1
e 13 12 2
e 12 13 2
e 14 12 1
e 12 14 1
e 15 3 1
e 3 15 1
t # 77
v 0 0
v 1 0
v 2 0
v 3 0
v 4 0
v 5 0
v 6 0
v 7 0
v 8 0
v 9 0
v 10 0
v 11 0
v 12 0
v 13 1
v 14 2
v 15 2
e 1 0 1
e 0 1 1
e 2 1 0
e 1 2 0
e 3 2 0
e 2 3 0
e 4 3 0
e 3 4 0
e 5 4 0
e 4 5 0
e 6 5 0
e 5 6 0
e 6 1 0
e 1 6 0
e 7 6 1
e 6 7 1
e 8 7 0
e 7 8 0
e 9 8 0
e 8 9 0
e 10 9 0
e 9 10 0
e 11 10 0
e 10 11 0
e 12 11 0
e 11 12 0
e 12 7 0
e 7 12 0
e 13 10 1
e 10 13 1
e 14 13 2
e 13 14 2
e 15 13 1
e 13 15 1
t # 78
v 0 0
v 1 0
v 2 0
v 3 0
v 4 0
v 5 0
v 6 2
v 7 0
v 8 0
v 9 0
v 10 0
v 11 0
v 12 0
v 13 2
v 14 1
v 15 2
v 16 2
e 1 0 0
e 0 1 0
e 2 1 0
e 1 2 0
e 3 2 0
e 2 3 0
e 4 3 0
e 3 4 0
e 5 4 0
e 4 5 0
e 5 0 0
e 0 5 0
e 6 4 1
e 4 6 1
e 7 6 1
e 6 7 1
e 8 7 0
e 7 8 0
e 9 8 0
e 8 9 0
e 10 9 0
e 9 10 0
e 11 10 0
e 10 11 0
e 12 11 0
e 11 12 0
e 12 7 0
e 7 12 0
e 13 12 1
e 12 13 1
e 13 3 1
e 3 13 1
e 14 10 1
e 10 14 1
e 15 14 2
e 14 15 2
e 16 14 1
e 14 16 1
t # 79
v 0 0
v 1 0
v 2 0
v 3 0
v 4 0
v 5 0
v 6 0
v 7 0
v 8 0
v 9 0
v 10 0
v 11 0
v 12 0
v 13 0
v 14 0
v 15 0
v 16 1
v 17 2
v 18 2
e 1 0 0
e 0 1 0
e 2 1 0
e 1 2 0
e 3 2 0
e 2 3 0
e 4 3 0
e 3 4 0
e 5 4 0
e 4 5 0
e 6 5 0
e 5 6 0
e 7 6 0
e 6 7 0
e 7 2 0
e 2 7 0
e 8 7 0
e 7 8 0
e 9 8 0
e 8 9 0
e 9 0 0
e 0 9 0
e 10 8 1
e 8 10 1
e 11 10 0
e 10 11 0
e 11 6 1
e 6 11 1
e 12 11 0
e 11 12 0
e 13 12 0
e 12 13 0
e 14 13 0
e 13 14 0
e 15 14 0
e 14 15 0
e 15 10 0
e 10 15 0
e 16 12 1
e 12 16 1
e 17 16 2
e 16 17 2
e 18 16 1
e 16 18 1
t # 80
v 0 0
v 1 0
v 2 0
v 3 0
v 4 0
v 5 0
v 6 1
v 7 2
v 8 2
v 9 1
v 10 2
v 11 2
e 1 0 0
e 0 1 0
e 2 1 0
e 1 2 0
e 3 2 0
e 2 3 0
e 4 3 0
e 3 4 0
e 5 4 0
e 4 5 0
e 5 0 0
e 0 5 0
e 6 4 1
e 4 6 1
e 7 6 2
e 6 7 2
e 8 6 1
e 6 8 1
e 9 2 1
e 2 9 1
e 10 9 2
e 9 10 2
e 11 9 1
e 9 11 1
t # 81
v 0 0
v 1 0
v 2 0
v 3 0
v 4 0
v 5 0
v 6 0
v 7 0
v 8 0
v 9 0
v 10 0
v 11 0
v 12 0
v 13 0
v 14 0
v 15 0
v 16 1
v 17 2
v 18 2
v 19 1
v 20 2
v 21 2
v 22 1
v 23 2
v 24 2
e 1 0 0
e 0 1 0
e 2 1 0
e 1 2 0
e 3 2 0
e 2 3 0
e 4 3 0
e 3 4 0
e 5 4 0
e 4 5 0
e 5 0 0
e 0 5 0
e 6 4 1
e 4 6 1
e 7 6 0
e 6 7 0
e 8 7 0
e 7 8 0
e 9 8 0
e 8 9 0
e 10 9 0
e 9 10 0
e 11 10 0
e 10 11 0
e 11 6 0
e 6 11 0
e 12 11 0
e 11 12 0
e 12 3 1
e 3 12 1
e 13 12 0
e 12 13 0
e 14 13 0
e 13 14 0
e 15 14 0
e 14 15 0
e 15 10 0
e 10 15 0
e 16 14 1
e 14 16 1
e 17 16 2
e 16 17 2
e 18 16 1
e 16 18 1
e 19 13 1
e 13 19 1
e 20 19 2
e 19 20 2
e 21 19 1
e 19 21 1
e 22 9 1
e 9 22 1
e 23 22 2
e 22 23 2
e 24 22 1
e 22 24 1
t # 82
v 0 0
v 1 0
v 2 0
v 3 0
v 4 1
v 5 0
v 6 0
v 7 0
v 8 0
v 9 0
v 10 0
v 11 0
v 12 0
v 13 1
v 14 2
v 15 2
e 1 0 1
e 0 1 1
e 2 1 1
e 1 2 1
e 3 2 1
e 2 3 1
e 4 3 2
e 3 4 2
e 5 4 1
e 4 5 1
e 6 5 2
e 5 6 2
e 7 6 1
e 6 7 1
e 8 7 2
e 7 8 2
e 9 8 1
e 8 9 1
e 10 9 2
e 9 10 2
e 10 5 1
e 5 10 1
e 11 10 2
e 10 11 2
e 11 3 1
e 3 11 1
e 12 11 1
e 11 12 1
e 12 0 1
e 0 12 1
e 13 7 1
e 7 13 1
e 14 13 2
e 13 14 2
e 15 13 1
e 13 15 1
t # 83
v 0 0
v 1 0
v 2 0
v 3 0
v 4 0
v 5 0
v 6 0
v 7 0
v 8 1
v 9 2
v 10 2
e 1 0 2
e 0 1 2
e 2 1 1
e 1 2 1
e 3 2 0
e 2 3 0
e 4 3 0
e 3 4 0
e 5 4 0
e 4 5 0
e 6 5 0
e 5 6 0
e 7 6 0
e 6 7 0
e 7 2 0
e 2 7 0
e 8 5 1
e 5 8 1
e 9 8 2
e 8 9 2
e 10 8 1
e 8 10 1
t # 84
v 0 0
v 1 0
v 2 0
v 3 0
v 4 0
v 5 0
v 6 0
v 7 0
v 8 0
v 9 0
v 10 0
v 11 0
v 12 0
v 13 0
v 14 0
v 15 0
v 16 0
v 17 0
v 18 0
v 19 0
v 20 1
v 21 2
v 22 2
e 1 0 0
e 0 1 0
e 2 1 0
e 1 2 0
e 3 2 0
e 2 3 0
e 4 3 0
e 3 4 0
e 5 4 0
e 4 5 0
e 5 0 0
e 0 5 0
e 6 4 0
e 4 6 0
e 7 6 0
e 6 7 0
e 8 7 0
e 7 8 0
e 9 8 0
e 8 9 0
e 10 9 0
e 9 10 0
e 11 10 0
e 10 11 0
e 12 11 0
e 11 12 0
e 13 12 0
e 12 13 0
e 13 8 0
e 8 13 0
e 14 13 0
e 13 14 0
e 15 14 0
e 14 15 0
e 16 15 0
e 15 16 0
e 16 7 0
e 7 16 0
e 17 16 0
e 16 17 0
e 17 3 0
e 3 17 0
e 18 17 1
e 17 18 1
e 19 18 2
e 18 19 2
e 19 15 1
e 15 19 1
e 20 19 1
e 19 20 1
e 21 20 2
e 20 21 2
e 22 20 1
e 20 22 1
t # 85
v 0 0
v 1 0
v 2 0
v 3 0
v 4 0
v 5 0
v 6 0
v 7 0
v 8 0
v 9 0
v 10 0
v 11 0
v 12 0
v 13 0
v 14 0
v 15 0
v 16 0
v 17 0
v 18 0
v 19 0
v 20 1
v 21 2
v 22 2
e 1 0 0
e 0 1 0
e 2 1 0
e 1 2 0
e 3 2 0
e 2 3 0
e 4 3 0
e 3 4 0
e 5 4 0
e 4 5 0
e 6 5 0
e 5 6 0
e 7 6 0
e 6 7 0
e 8 7 0
e 7 8 0
e 9 8 0
e 8 9 0
e 10 9 0
e 9 10 0
e 11 10 0
e 10 11 0
e 11 6 0
e 6 11 0
e 12 11 0
e 11 12 0
e 13 12 0
e 12 13 0
e 14 13 0
e 13 14 0
e 14 5 0
e 5 14 0
e 15 14 0
e 14 15 0
e 16 15 0
e 15 16 0
e 16 3 0
e 3 16 0
e 17 16 0
e 16 17 0
e 17 0 0
e 0 17 0
e 18 12 1
e 12 18 1
e 19 18 2
e 18 19 2
e 19 10 1
e 10 19 1
e 20 18 1
e 18 20 1
e 21 20 2
e 20 21 2
e 22 20 1
e 20 22 1
t # 86
v 0 0
v 1 0
v 2 0
v 3 0
v 4 0
v 5 0
v 6 0
v 7 0
v 8 0
v 9 0
v 10 0
v 11 0
v 12 2
v 13 1
v 14 2
v 15 2
e 1 0 0
e 0 1 0
e 2 1 0
e 1 2 0
e 3 2 0
e 2 3 0
e 4 3 0
e 3 4 0
e 5 4 0
e 4 5 0
e 5 0 0
e 0 5 0
e 6 4 0
e 4 6 0
e 7 6 0
e 6 7 0
e 8 7 0
e 7 8 0
e 9 8 0
e 8 9 0
e 10 9 0
e 9 10 0
e 11 10 0
e 10 11 0
e 11 6 0
e 6 11 0
e 12 11 0
e 11 12 0
e 12 3 0
e 3 12 0
e 13 8 1
e 8 13 1
e 14 13 2
e 13 14 2
e 15 13 1
e 13 15 1
t # 87
v 0 0
v 1 0
v 2 2
v 3 0
v 4 0
v 5 0
v 6 0
v 7 0
v 8 0
v 9 1
v 10 2
v 11 2
e 1 0 1
e 0 1 1
e 2 1 2
e 1 2 2
e 3 1 1
e 1 3 1
e 4 3 0
e 3 4 0
e 5 4 0
e 4 5 0
e 6 5 0
e 5 6 0
e 7 6 0
e 6 7 0
e 8 7 0
e 7 8 0
e 8 3 0
e 3 8 0
e 9 6 1
e 6 9 1
e 10 9 2
e 9 10 2
e 11 9 1
e 9 11 1
t # 88
v 0 0
v 1 1
v 2 0
v 3 0
v 4 0
v 5 0
v 6 0
v 7 0
v 8 1
v 9 2
v 10 2
v 11 0
v 12 1
e 1 0 1
e 0 1 1
e 2 1 2
e 1 2 2
e 3 2 1
e 2 3 1
e 4 3 1
e 3 4 1
e 5 4 2
e 4 5 2
e 6 5 1
e 5 6 1
e 7 6 2
e 6 7 2
e 7 2 1
e 2 7 1
e 8 7 1
e 7 8 1
e 9 8 2
e 8 9 2
e 10 8 1
e 8 10 1
e 11 3 1
e 3 11 1
e 12 11 2
e 11 12 2
e 12 1 1
e 1 12 1
t # 89
v 0 0
v 1 0
v 2 0
v 3 0
v 4 0
v 5 0
v 6 0
v 7 0
v 8 0
v 9 0
v 10 0
v 11 0
v 12 0
v 13 0
v 14 0
v 15 0
v 16 0
v 17 0
v 18 0
v 19 0
v 20 1
v 21 2
v 22 2
e 1 0 0
e 0 1 0
e 2 1 0
e 1 2 0
e 3 2 0
e 2 3 0
e 4 3 0
e 3 4 0
e 5 4 0
e 4 5 0
e 5 0 0
e 0 5 0
e 6 4 0
e 4 6 0
e 7 6 0
e 6 7 0
e 8 7 0
e 7 8 0
e 9 8 0
e 8 9 0
e 10 9 0
e 9 10 0
e 11 10 0
e 10 11 0
e 11 6 0
e 6 11 0
e 12 11 0
e 11 12 0
e 13 12 0
e 12 13 0
e 13 3 0
e 3 13 0
e 14 13 0
e 13 14 0
e 15 14 0
e 14 15 0
e 16 15 0
e 15 16 0
e 17 16 0
e 16 17 0
e 17 12 0
e 12 17 0
e 18 17 0
e 17 18 0
e 19 18 0
e 18 19 0
e 19 10 0
e 10 19 0
e 20 14 1
e 14 20 1
e 21 20 2
e 20 21 2
e 22 20 1
e 20 22 1
t # 90
v 0 0
v 1 0
v 2 0
v 3 0
v 4 0
v 5 0
v 6 0
v 7 0
v 8 0
v 9 0
v 10 0
v 11 0
v 12 0
v 13 0
v 14 0
v 15 0
v 16 1
v 17 2
v 18 2
v 19 0
v 20 0
v 21 0
v 22 0
v 23 2
v 24 2
e 1 0 0
e 0 1 0
e 2 1 0
e 1 2 0
e 3 2 0
e 2 3 0
e 4 3 0
e 3 4 0
e 5 4 0
e 4 5 0
e 6 5 0
e 5 6 0
e 7 6 0
e 6 7 0
e 7 2 0
e 2 7 0
e 8 7 0
e 7 8 0
e 9 8 0
e 8 9 0
e 9 0 0
e 0 9 0
e 10 9 0
e 9 10 0
e 11 10 0
e 10 11 0
e 12 11 0
e 11 12 0
e 13 12 0
e 12 13 0
e 13 8 0
e 8 13 0
e 14 13 0
e 13 14 0
e 15 14 0
e 14 15 0
e 15 6 0
e 6 15 0
e 16 12 1
e 12 16 1
e 17 16 2
e 16 17 2
e 18 16 1
e 16 18 1
e 19 4 1
e 4 19 1
e 20 19 1
e 19 20 1
e 21 20 1
e 20 21 1
e 22 21 2
e 21 22 2
e 22 3 1
e 3 22 1
e 23 20 1
e 20 23 1
e 24 19 1
e 19 24 1
t # 91
v 0 0
v 1 0
v 2 0
v 3 0
v 4 0
v 5 0
v 6 0
v 7 0
v 8 0
v 9 0
v 10 0
v 11 0
v 12 0
v 13 0
v 14 1
v 15 2
v 16 2
v 17 0
v 18 0
e 1 0 0
e 0 1 0
e 2 1 0
e 1 2 0
e 3 2 0
e 2 3 0
e 4 3 0
e 3 4 0
e 5 4 0
e 4 5 0
e 5 0 0
e 0 5 0
e 6 4 1
e 4 6 1
e 7 6 1
e 6 7 1
e 8 7 1
e 7 8 1
e 9 8 0
e 8 9 0
e 9 3 1
e 3 9 1
e 10 9 0
e 9 10 0
e 11 10 0
e 10 11 0
e 12 11 0
e 11 12 0
e 13 12 0
e 12 13 0
e 13 8 0
e 8 13 0
e 14 12 1
e 12 14 1
e 15 14 2
e 14 15 2
e 16 14 1
e 14 16 1
e 17 10 1
e 10 17 1
e 18 17 1
e 17 18 1
e 18 2 1
e 2 18 1
t # 92
v 0 0
v 1 0
v 2 0
v 3 0
v 4 0
v 5 0
v 6 0
v 7 0
v 8 0
v 9 0
v 10 0
v 11 0
v 12 0
v 13 0
v 14 0
v 15 0
v 16 0
v 17 0
v 18 0
v 19 0
v 20 1
v 21 2
v 22 2
e 1 0 0
e 0 1 0
e 2 1 0
e 1 2 0
e 3 2 0
e 2 3 0
e 4 3 0
e 3 4 0
e 5 4 0
e 4 5 0
e 5 0 0
e 0 5 0
e 6 4 0
e 4 6 0
e 7 6 0
e 6 7 0
e 8 7 0
e 7 8 0
e 9 8 0
e 8 9 0
e 10 9 0
e 9 10 0
e 11 10 0
e 10 11 0
e 11 6 0
e 6 11 0
e 12 11 0
e 11 12 0
e 13 12 0
e 12 13 0
e 13 3 0
e 3 13 0
e 14 13 0
e 13 14 0
e 15 14 0
e 14 15 0
e 16 15 0
e 15 16 0
e 17 16 0
e 16 17 0
e 17 12 0
e 12 17 0
e 18 17 0
e 17 18 0
e 19 18 0
e 18 19 0
e 19 10 0
e 10 19 0
e 20 16 1
e 16 20 1
e 21 20 2
e 20 21 2
e 22 20 1
e 20 22 1
t # 93
v 0 0
v 1 0
v 2 0
v 3 0
v 4 0
v 5 0
v 6 0
v 7 0
v 8 0
v 9 0
v 10 0
v 11 0
v 12 0
v 13 0
v 14 0
v 15 0
v 16 1
v 17 2
v 18 2
e 1 0 0
e 0 1 0
e 2 1 0
e 1 2 0
e 3 2 0
e 2 3 0
e 4 3 0
e 3 4 0
e 5 4 0
e 4 5 0
e 6 5 0
e 5 6 0
e 7 6 0
e 6 7 0
e 8 7 0
e 7 8 0
e 9 8 0
e 8 9 0
e 10 9 0
e 9 10 0
e 10 5 0
e 5 10 0
e 11 10 0
e 10 11 0
e 11 2 0
e 2 11 0
e 12 11 0
e 11 12 0
e 13 12 0
e 12 13 0
e 13 0 0
e 0 13 0
e 14 12 0
e 12 14 0
e 15 14 0
e 14 15 0
e 15 9 0
e 9 15 0
e 16 15 1
e 15 16 1
e 17 16 2
e 16 17 2
e 18 16 1
e 16 18 1
t # 94
v 0 0
v 1 0
v 2 0
v 3 0
v 4 0
v 5 0
v 6 0
v 7 0
v 8 0
v 9 0
v 10 1
v 11 2
v 12 2
v 13 1
v 14 2
v 15 2
v 16 1
v 17 2
v 18 2
e 1 0 0
e 0 1 0
e 2 1 0
e 1 2 0
e 3 2 0
e 2 3 0
e 4 3 0
e 3 4 0
e 5 4 0
e 4 5 0
e 6 5 0
e 5 6 0
e 7 6 0
e 6 7 0
e 7 2 0
e 2 7 0
e 8 7 0
e 7 8 0
e 9 8 0
e 8 9 0
e 9 0 0
e 0 9 0
e 10 8 1
e 8 10 1
e 11 10 2
e 10 11 2
e 12 10 1
e 10 12 1
e 13 5 1
e 5 13 1
e 14 13 2
e 13 14 2
e 15 13 1
e 13 15 1
e 16 4 1
e 4 16 1
e 17 16 2
e 16 17 2
e 18 16 1
e 16 18 1
t # 95
v 0 0
v 1 0
v 2 0
v 3 0
v 4 0
v 5 0
v 6 0
v 7 0
v 8 0
v 9 0
v 10 0
v 11 0
v 12 0
v 13 0
v 14 0
v 15 0
v 16 1
v 17 2
v 18 2
v 19 1
v 20 2
v 21 2
v 22 1
v 23 2
v 24 2
e 1 0 0
e 0 1 0
e 2 1 0
e 1 2 0
e 3 2 0
e 2 3 0
e 4 3 0
e 3 4 0
e 5 4 0
e 4 5 0
e 6 5 0
e 5 6 0
e 7 6 0
e 6 7 0
e 7 2 0
e 2 7 0
e 8 7 0
e 7 8 0
e 9 8 0
e 8 9 0
e 9 0 0
e 0 9 0
e 10 9 0
e 9 10 0
e 11 10 0
e 10 11 0
e 12 11 0
e 11 12 0
e 13 12 0
e 12 13 0
e 13 8 0
e 8 13 0
e 14 13 0
e 13 14 0
e 15 14 0
e 14 15 0
e 15 6 0
e 6 15 0
e 16 12 1
e 12 16 1
e 17 16 2
e 16 17 2
e 18 16 1
e 16 18 1
e 19 5 1
e 5 19 1
e 20 19 2
e 19 20 2
e 21 19 1
e 19 21 1
e 22 3 1
e 3 22 1
e 23 22 2
e 22 23 2
e 24 22 1
e 22 24 1
t # 96
v 0 0
v 1 2
v 2 0
v 3 0
v 4 0
v 5 0
v 6 0
v 7 0
v 8 0
v 9 0
v 10 0
v 11 0
v 12 0
v 13 0
v 14 0
v 15 1
v 16 2
v 17 2
e 1 0 1
e 0 1 1
e 2 1 1
e 1 2 1
e 3 2 0
e 2 3 0
e 4 3 0
e 3 4 0
e 5 4 0
e 4 5 0
e 6 5 0
e 5 6 0
e 7 6 0
e 6 7 0
e 7 2 0
e 2 7 0
e 8 6 1
e 6 8 1
e 9 8 1
e 8 9 1
e 10 9 0
e 9 10 0
e 10 5 1
e 5 10 1
e 11 10 0
e 10 11 0
e 12 11 0
e 11 12 0
e 13 12 0
e 12 13 0
e 14 13 0
e 13 14 0
e 14 9 0
e 9 14 0
e 15 13 1
e 13 15 1
e 16 15 2
e 15 16 2
e 17 15 1
e 15 17 1
t # 97
v 0 0
v 1 0
v 2 0
v 3 0
v 4 1
v 5 0
v 6 0
v 7 0
v 8 0
v 9 0
v 10 1
v 11 2
v 12 2
e 1 0 0
e 0 1 0
e 2 1 0
e 1 2 0
e 3 2 0
e 2 3 0
e 4 3 0
e 3 4 0
e 5 4 0
e 4 5 0
e 6 5 0
e 5 6 0
e 7 6 0
e 6 7 0
e 7 2 0
e 2 7 0
e 8 7 0
e 7 8 0
e 9 8 0
e 8 9 0
e 9 0 0
e 0 9 0
e 10 8 1
e 8 10 1
e 11 10 2
e 10 11 2
e 12 10 1
e 10 12 1
t # 98
v 0 0
v 1 0
v 2 0
v 3 0
v 4 0
v 5 0
v 6 0
v 7 0
v 8 0
v 9 0
v 10 0
v 11 0
v 12 1
v 13 2
v 14 2
e 1 0 0
e 0 1 0
e 2 1 0
e 1 2 0
e 3 2 0
e 2 3 0
e 4 3 0
e 3 4 0
e 5 4 0
e 4 5 0
e 6 5 0
e 5 6 0
e 7 6 0
e 6 7 0
e 7 2 0
e 2 7 0
e 8 7 0
e 7 8 0
e 9 8 0
e 8 9 0
e 9 0 0
e 0 9 0
e 10 8 1
e 8 10 1
e 11 10 2
e 10 11 2
e 11 6 1
e 6 11 1
e 12 11 1
e 11 12 1
e 13 12 2
e 12 13 2
e 14 12 1
e 12 14 1
t # 99
v 0 0
v 1 0
v 2 0
v 3 0
v 4 0
v 5 0
v 6 1
v 7 0
v 8 0
v 9 0
v 10 0
v 11 0
v 12 0
v 13 1
v 14 2
v 15 2
e 1 0 0
e 0 1 0
e 2 1 0
e 1 2 0
e 3 2 0
e 2 3 0
e 4 3 0
e 3 4 0
e 5 4 0
e 4 5 0
e 5 0 0
e 0 5 0
e 6 4 1
e 4 6 1
e 7 2 1
e 2 7 1
e 8 7 0
e 7 8 0
e 9 8 0
e 8 9 0
e 10 9 0
e 9 10 0
e 11 10 0
e 10 11 0
e 12 11 0
e 11 12 0
e 12 7 0
e 7 12 0
e 13 11 1
e 11 13 1
e 14 13 2
e 13 14 2
e 15 13 1
e 13 15 1
t # 100
v 0 0
v 1 0
v 2 0
v 3 0
v 4 0
v 5 0
v 6 0
v 7 0
v 8 0
v 9 0
v 10 0
v 11 0
v 12 0
v 13 0
v 14 0
v 15 0
v 16 0
v 17 0
v 18 0
v 19 0
v 20 1
v 21 2
v 22 2
e 1 0 0
e 0 1 0
e 2 1 0
e 1 2 0
e 3 2 0
e 2 3 0
e 4 3 0
e 3 4 0
e 5 4 0
e 4 5 0
e 6 5 0
e 5 6 0
e 7 6 0
e 6 7 0
e 8 7 0
e 7 8 0
e 9 8 0
e 8 9 0
e 10 9 0
e 9 10 0
e 10 5 0
e 5 10 0
e 11 10 0
e 10 11 0
e 11 2 0
e 2 11 0
e 12 11 0
e 11 12 0
e 13 12 0
e 12 13 0
e 13 0 0
e 0 13 0
e 14 12 0
e 12 14 0
e 15 14 0
e 14 15 0
e 15 9 0
e 9 15 0
e 16 15 1
e 15 16 1
e 17 16 1
e 16 17 1
e 18 17 1
e 17 18 1
e 19 18 1
e 18 19 1
e 19 14 1
e 14 19 1
e 20 6 1
e 6 20 1
e 21 20 2
e 20 21 2
e 22 20 1
e 20 22 1
t # 101
v 0 0
v 1 0
v 2 0
v 3 0
v 4 0
v 5 0
v 6 0
v 7 2
v 8 0
v 9 0
v 10 0
v 11 0
v 12 0
v 13 0
v 14 1
v 15 2
v 16 2
v 17 1
v 18 2
v 19 2
v 20 1
v 21 2
v 22 2
v 23 1
v 24 2
v 25 2
e 1 0 0
e 0 1 0
e 2 1 0
e 1 2 0
e 3 2 0
e 2 3 0
e 4 3 0
e 3 4 0
e 5 4 0
e 4 5 0
e 5 0 0
e 0 5 0
e 6 5 1
e 5 6 1
e 7 6 2
e 6 7 2
e 8 6 1
e 6 8 1
e 9 8 0
e 8 9 0
e 9 4 1
e 4 9 1
e 10 9 0
e 9 10 0
e 11 10 0
e 10 11 0
e 12 11 0
e 11 12 0
e 13 12 0
e 12 13 0
e 13 8 0
e 8 13 0
e 14 12 1
e 12 14 1
e 15 14 2
e 14 15 2
e 16 14 1
e 14 16 1
e 17 10 1
e 10 17 1
e 18 17 2
e 17 18 2
e 19 17 1
e 17 19 1
e 20 3 1
e 3 20 1
e 21 20 2
e 20 21 2
e 22 20 1
e 20 22 1
e 23 1 1
e 1 23 1
e 24 23 2
e 23 24 2
e 25 23 1
e 23 25 1
t # 102
v 0 0
v 1 0
v 2 0
v 3 0
v 4 0
v 5 0
v 6 0
v 7 0
v 8 0
v 9 0
v 10 0
v 11 0
v 12 0
v 13 0
v 14 0
v 15 0
v 16 1
v 17 2
v 18 2
e 1 0 0
e 0 1 0
e 2 1 0
e 1 2 0
e 3 2 0
e 2 3 0
e 4 3 0
e 3 4 0
e 5 4 0
e 4 5 0
e 6 5 0
e 5 6 0
e 7 6 0
e 6 7 0
e 8 7 0
e 7 8 0
e 9 8 0
e 8 9 0
e 10 9 0
e 9 10 0
e 10 5 0
e 5 10 0
e 11 10 0
e 10 11 0
e 11 2 0
e 2 11 0
e 12 11 0
e 11 12 0
e 13 12 0
e 12 13 0
e 13 0 0
e 0 13 0
e 14 12 0
e 12 14 0
e 15 14 0
e 14 15 0
e 15 9 0
e 9 15 0
e 16 7 1
e 7 16 1
e 17 16 2
e 16 17 2
e 18 16 1
e 16 18 1
t # 103
v 0 0
v 1 0
v 2 0
v 3 0
v 4 0
v 5 0
v 6 0
v 7 0
v 8 0
v 9 0
v 10 0
v 11 0
v 12 0
v 13 0
v 14 0
v 15 0
v 16 0
v 17 0
v 18 0
v 19 0
v 20 1
v 21 2
v 22 2
e 1 0 0
e 0 1 0
e 2 1 0
e 1 2 0
e 3 2 0
e 2 3 0
e 4 3 0
e 3 4 0
e 5 4 0
e 4 5 0
e 6 5 0
e 5 6 0
e 7 6 0
e 6 7 0
e 8 7 0
e 7 8 0
e 9 8 0
e 8 9 0
e 10 9 0
e 9 10 0
e 10 5 0
e 5 10 0
e 11 10 0
e 10 11 0
e 11 2 0
e 2 11 0
e 12 11 0
e 11 12 0
e 13 12 0
e 12 13 0
e 13 0 0
e 0 13 0
e 14 12 0
e 12 14 0
e 15 14 0
e 14 15 0
e 15 9 0
e 9 15 0
e 16 15 1
e 15 16 1
e 17 16 1
e 16 17 1
e 18 17 1
e 17 18 1
e 19 18 1
e 18 19 1
e 19 14 1
e 14 19 1
e 20 8 1
e 8 20 1
e 21 20 2
e 20 21 2
e 22 20 1
e 20 22 1
t # 104
v 0 0
v 1 0
v 2 0
v 3 0
v 4 0
v 5 0
v 6 0
v 7 0
v 8 0
v 9 1
v 10 0
v 11 0
v 12 1
v 13 0
v 14 1
v 15 2
v 16 2
e 1 0 0
e 0 1 0
e 2 1 0
e 1 2 0
e 3 2 0
e 2 3 0
e 4 3 0
e 3 4 0
e 5 4 0
e 4 5 0
e 6 5 0
e 5 6 0
e 7 6 0
e 6 7 0
e 8 7 0
e 7 8 0
e 9 8 0
e 8 9 0
e 10 9 0
e 9 10 0
e 10 5 0
e 5 10 0
e 11 10 0
e 10 11 0
e 11 2 0
e 2 11 0
e 12 11 0
e 11 12 0
e 13 12 0
e 12 13 0
e 13 0 0
e 0 13 0
e 14 4 1
e 4 14 1
e 15 14 2
e 14 15 2
e 16 14 1
e 14 16 1
t # 105
v 0 0
v 1 0
v 2 0
v 3 0
v 4 0
v 5 0
v 6 0
v 7 0
v 8 0
v 9 0
v 10 0
v 11 0
v 12 0
v 13 0
v 14 0
v 15 0
v 16 2
v 17 1
v 18 2
v 19 2
e 1 0 0
e 0 1 0
e 2 1 0
e 1 2 0
e 3 2 0
e 2 3 0
e 4 3 0
e 3 4 0
e 5 4 0
e 4 5 0
e 6 5 0
e 5 6 0
e 7 6 0
e 6 7 0
e 8 7 0
e 7 8 0
e 9 8 0
e 8 9 0
e 10 9 0
e 9 10 0
e 10 5 0
e 5 10 0
e 11 10 0
e 10 11 0
e 11 2 0
e 2 11 0
e 12 11 0
e 11 12 0
e 13 12 0
e 12 13 0
e 13 0 0
e 0 13 0
e 14 12 0
e 12 14 0
e 15 14 0
e 14 15 0
e 15 9 0
e 9 15 0
e 16 15 1
e 15 16 1
e 17 8 1
e 8 17 1
e 18 17 2
e 17 18 2
e 19 17 1
e 17 19 1
t # 106
v 0 0
v 1 0
v 2 0
v 3 0
v 4 0
v 5 0
v 6 0
v 7 0
v 8 0
v 9 0
v 10 0
v 11 0
v 12 0
v 13 0
v 14 0
v 15 0
v 16 1
v 17 2
v 18 2
v 19 1
v 20 2
v 21 2
v 22 1
v 23 2
v 24 2
e 1 0 0
e 0 1 0
e 2 1 0
e 1 2 0
e 3 2 0
e 2 3 0
e 4 3 0
e 3 4 0
e 5 4 0
e 4 5 0
e 5 0 0
e 0 5 0
e 6 4 1
e 4 6 1
e 7 6 0
e 6 7 0
e 8 7 0
e 7 8 0
e 9 8 0
e 8 9 0
e 10 9 0
e 9 10 0
e 11 10 0
e 10 11 0
e 11 6 0
e 6 11 0
e 12 11 0
e 11 12 0
e 12 3 1
e 3 12 1
e 13 12 0
e 12 13 0
e 14 13 0
e 13 14 0
e 15 14 0
e 14 15 0
e 15 10 0
e 10 15 0
e 16 15 1
e 15 16 1
e 17 16 2
e 16 17 2
e 18 16 1
e 16 18 1
e 19 14 1
e 14 19 1
e 20 19 2
e 19 20 2
e 21 19 1
e 19 21 1
e 22 8 1
e 8 22 1
e 23 22 2
e 22 23 2
e 24 22 1
e 22 24 1
t # 107
v 0 0
v 1 0
v 2 0
v 3 0
v 4 0
v 5 0
v 6 0
v 7 0
v 8 0
v 9 0
v 10 0
v 11 0
v 12 0
v 13 0
v 14 0
v 15 0
v 16 1
v 17 2
v 18 2
e 1 0 0
e 0 1 0
e 2 1 0
e 1 2 0
e 3 2 0
e 2 3 0
e 4 3 0
e 3 4 0
e 5 4 0
e 4 5 0
e 5 0 0
e 0 5 0
e 6 4 1
e 4 6 1
e 7 6 0
e 6 7 0
e 8 7 0
e 7 8 0
e 9 8 0
e 8 9 0
e 10 9 0
e 9 10 0
e 11 10 0
e 10 11 0
e 11 6 0
e 6 11 0
e 12 11 0
e 11 12 0
e 12 3 1
e 3 12 1
e 13 12 0
e 12 13 0
e 14 13 0
e 13 14 0
e 15 14 0
e 14 15 0
e 15 10 0
e 10 15 0
e 16 15 1
e 15 16 1
e 17 16 2
e 16 17 2
e 18 16 1
e 16 18 1
t # 108
v 0 0
v 1 0
v 2 0
v 3 0
v 4 0
v 5 0
v 6 0
v 7 0
v 8 0
v 9 0
v 10 0
v 11 0
v 12 0
v 13 0
v 14 0
v 15 0
v 16 0
v 17 0
v 18 0
v 19 0
v 20 0
v 21 0
v 22 1
v 23 2
v 24 2
v 25 1
v 26 2
v 27 2
e 1 0 0
e 0 1 0
e 2 1 0
e 1 2 0
e 3 2 0
e 2 3 0
e 4 3 0
e 3 4 0
e 5 4 0
e 4 5 0
e 6 5 0
e 5 6 0
e 7 6 0
e 6 7 0
e 8 7 0
e 7 8 0
e 9 8 0
e 8 9 0
e 10 9 0
e 9 10 0
e 10 5 0
e 5 10 0
e 11 10 0
e 10 11 0
e 11 2 0
e 2 11 0
e 12 11 0
e 11 12 0
e 13 12 0
e 12 13 0
e 13 0 0
e 0 13 0
e 14 13 0
e 13 14 0
e 15 14 0
e 14 15 0
e 16 15 0
e 15 16 0
e 17 16 0
e 16 17 0
e 17 12 0
e 12 17 0
e 18 17 0
e 17 18 0
e 18 9 0
e 9 18 0
e 19 18 0
e 18 19 0
e 20 19 0
e 19 20 0
e 21 20 0
e 20 21 0
e 21 16 0
e 16 21 0
e 22 21 1
e 21 22 1
e 23 22 2
e 22 23 2
e 24 22 1
e 22 24 1
e 25 6 1
e 6 25 1
e 26 25 2
e 25 26 2
e 27 25 1
e 25 27 1
t # 109
v 0 0
v 1 0
v 2 0
v 3 0
v 4 0
v 5 0
v 6 1
v 7 2
v 8 2
v 9 0
v 10 0
v 11 0
v 12 0
v 13 0
v 14 0
v 15 1
v 16 2
v 17 2
v 18 1
v 19 2
v 20 2
v 21 1
v 22 2
v 23 2
e 1 0 0
e 0 1 0
e 2 1 0
e 1 2 0
e 3 2 0
e 2 3 0
e 4 3 0
e 3 4 0
e 5 4 0
e 4 5 0
e 5 0 0
e 0 5 0
e 6 4 1
e 4 6 1
e 7 6 2
e 6 7 2
e 8 6 1
e 6 8 1
e 9 3 1
e 3 9 1
e 10 9 0
e 9 10 0
e 11 10 0
e 10 11 0
e 12 11 0
e 11 12 0
e 13 12 0
e 12 13 0
e 14 13 0
e 13 14 0
e 14 9 0
e 9 14 0
e 15 14 1
e 14 15 1
e 16 15 2
e 15 16 2
e 17 15 1
e 15 17 1
e 18 12 1
e 12 18 1
e 19 18 2
e 18 19 2
e 20 18 1
e 18 20 1
e 21 2 1
e 2 21 1
e 22 21 2
e 21 22 2
e 23 21 1
e 21 23 1
t # 110
v 0 0
v 1 0
v 2 0
v 3 0
v 4 0
v 5 0
v 6 0
v 7 2
v 8 1
v 9 2
v 10 2
e 1 0 0
e 0 1 0
e 2 1 0
e 1 2 0
e 3 2 0
e 2 3 0
e 4 3 0
e 3 4 0
e 5 4 0
e 4 5 0
e 5 0 0
e 0 5 0
e 6 5 1
e 5 6 1
e 7 6 2
e 6 7 2
e 8 2 1
e 2 8 1
e 9 8 2
e 8 9 2
e 10 8 1
e 8 10 1
t # 111
v 0 0
v 1 0
v 2 0
v 3 0
v 4 0
v 5 0
v 6 0
v 7 0
v 8 0
v 9 0
v 10 0
v 11 0
v 12 1
v 13 2
v 14 2
e 1 0 0
e 0 1 0
e 2 1 0
e 1 2 0
e 3 2 0
e 2 3 0
e 4 3 0
e 3 4 0
e 5 4 0
e 4 5 0
e 6 5 0
e 5 6 0
e 7 6 0
e 6 7 0
e 7 2 0
e 2 7 0
e 8 7 0
e 7 8 0
e 9 8 0
e 8 9 0
e 9 0 0
e 0 9 0
e 10 8 1
e 8 10 1
e 11 10 1
e 10 11 1
e 11 6 1
e 6 11 1
e 12 5 1
e 5 12 1
e 13 12 2
e 12 13 2
e 14 12 1
e 12 14 1
t # 112
v 0 0
v 1 0
v 2 0
v 3 0
v 4 0
v 5 0
v 6 1
v 7 2
v 8 2
v 9 1
v 10 2
v 11 2
v 12 1
e 1 0 0
e 0 1 0
e 2 1 0
e 1 2 0
e 3 2 0
e 2 3 0
e 4 3 0
e 3 4 0
e 5 4 0
e 4 5 0
e 5 0 0
e 0 5 0
e 6 5 1
e 5 6 1
e 7 6 2
e 6 7 2
e 8 6 1
e 6 8 1
e 9 3 1
e 3 9 1
e 10 9 2
e 9 10 2
e 11 9 1
e 9 11 1
e 12 2 1
e 2 12 1
t # 113
v 0 0
v 1 0
v 2 0
v 3 0
v 4 0
v 5 0
v 6 0
v 7 0
v 8 0
v 9 0
v 10 0
v 11 0
v 12 1
v 13 2
v 14 2
v 15 1
e 1 0 0
e 0 1 0
e 2 1 0
e 1 2 0
e 3 2 0
e 2 3 0
e 4 3 0
e 3 4 0
e 5 4 0
e 4 5 0
e 5 0 0
e 0 5 0
e 6 4 1
e 4 6 1
e 7 6 0
e 6 7 0
e 8 7 0
e 7 8 0
e 9 8 0
e 8 9 0
e 10 9 0
e 9 10 0
e 11 10 0
e 10 11 0
e 11 6 0
e 6 11 0
e 12 9 1
e 9 12 1
e 13 12 2
e 12 13 2
e 14 12 1
e 12 14 1
e 15 3 1
e 3 15 1
t # 114
v 0 0
v 1 0
v 2 0
v 3 0
v 4 0
v 5 0
v 6 1
v 7 2
v 8 2
v 9 0
v 10 0
v 11 0
e 1 0 0
e 0 1 0
e 2 1 0
e 1 2 0
e 3 2 0
e 2 3 0
e 4 3 0
e 3 4 0
e 5 4 0
e 4 5 0
e 5 0 0
e 0 5 0
e 6 5 1
e 5 6 1
e 7 6 2
e 6 7 2
e 8 6 1
e 6 8 1
e 9 3 1
e 3 9 1
e 10 9 2
e 9 10 2
e 11 10 1
e 10 11 1
e 11 2 1
e 2 11 1
t # 115
v 0 0
v 1 0
v 2 0
v 3 0
v 4 0
v 5 0
v 6 1
v 7 2
v 8 2
v 9 3
e 1 0 0
e 0 1 0
e 2 1 0
e 1 2 0
e 3 2 0
e 2 3 0
e 4 3 0
e 3 4 0
e 5 4 0
e 4 5 0
e 5 0 0
e 0 5 0
e 6 5 1
e 5 6 1
e 7 6 2
e 6 7 2
e 8 6 1
e 6 8 1
e 9 2 1
e 2 9 1
t # 116
v 0 0
v 1 0
v 2 0
v 3 0
v 4 0
v 5 0
v 6 1
v 7 2
v 8 2
v 9 0
v 10 0
v 11 0
v 12 0
v 13 0
v 14 0
v 15 1
v 16 2
v 17 2
v 18 1
v 19 2
v 20 2
e 1 0 0
e 0 1 0
e 2 1 0
e 1 2 0
e 3 2 0
e 2 3 0
e 4 3 0
e 3 4 0
e 5 4 0
e 4 5 0
e 5 0 0
e 0 5 0
e 6 4 1
e 4 6 1
e 7 6 2
e 6 7 2
e 8 6 1
e 6 8 1
e 9 2 1
e 2 9 1
e 10 9 0
e 9 10 0
e 11 10 0
e 10 11 0
e 12 11 0
e 11 12 0
e 13 12 0
e 12 13 0
e 14 13 0
e 13 14 0
e 14 9 0
e 9 14 0
e 15 14 1
e 14 15 1
e 16 15 2
e 15 16 2
e 17 15 1
e 15 17 1
e 18 12 1
e 12 18 1
e 19 18 2
e 18 19 2
e 20 18 1
e 18 20 1
t # 117
v 0 0
v 1 0
v 2 0
v 3 0
v 4 0
v 5 0
v 6 0
v 7 0
v 8 0
v 9 0
v 10 0
v 11 0
v 12 0
v 13 0
v 14 0
v 15 0
v 16 1
v 17 2
v 18 2
v 19 0
v 20 0
v 21 0
v 22 0
e 1 0 0
e 0 1 0
e 2 1 0
e 1 2 0
e 3 2 0
e 2 3 0
e 4 3 0
e 3 4 0
e 5 4 0
e 4 5 0
e 6 5 0
e 5 6 0
e 7 6 0
e 6 7 0
e 7 2 0
e 2 7 0
e 8 7 0
e 7 8 0
e 9 8 0
e 8 9 0
e 9 0 0
e 0 9 0
e 10 9 0
e 9 10 0
e 11 10 0
e 10 11 0
e 12 11 0
e 11 12 0
e 13 12 0
e 12 13 0
e 13 8 0
e 8 13 0
e 14 13 0
e 13 14 0
e 15 14 0
e 14 15 0
e 15 6 0
e 6 15 0
e 16 12 1
e 12 16 1
e 17 16 2
e 16 17 2
e 18 16 1
e 16 18 1
e 19 4 1
e 4 19 1
e 20 19 1
e 19 20 1
e 21 20 1
e 20 21 1
e 22 21 1
e 21 22 1
e 22 3 1
e 3 22 1
t # 118
v 0 0
v 1 0
v 2 0
v 3 0
v 4 0
v 5 0
v 6 0
v 7 0
v 8 0
v 9 0
v 10 0
v 11 0
v 12 1
v 13 2
v 14 2
v 15 1
v 16 2
v 17 2
v 18 1
v 19 2
v 20 2
e 1 0 0
e 0 1 0
e 2 1 0
e 1 2 0
e 3 2 0
e 2 3 0
e 4 3 0
e 3 4 0
e 5 4 0
e 4 5 0
e 5 0 0
e 0 5 0
e 6 4 1
e 4 6 1
e 7 6 0
e 6 7 0
e 8 7 0
e 7 8 0
e 9 8 0
e 8 9 0
e 10 9 0
e 9 10 0
e 11 10 0
e 10 11 0
e 11 6 0
e 6 11 0
e 12 11 1
e 11 12 1
e 13 12 2
e 12 13 2
e 14 12 1
e 12 14 1
e 15 9 1
e 9 15 1
e 16 15 2
e 15 16 2
e 17 15 1
e 15 17 1
e 18 3 1
e 3 18 1
e 19 18 2
e 18 19 2
e 20 18 1
e 18 20 1
t # 119
v 0 0
v 1 1
v 2 0
v 3 0
v 4 0
v 5 0
v 6 0
v 7 0
v 8 0
v 9 1
v 10 1
v 11 2
v 12 2
e 1 0 1
e 0 1 1
e 2 1 2
e 1 2 2
e 3 2 1
e 2 3 1
e 4 3 2
e 3 4 2
e 5 4 1
e 4 5 1
e 6 5 2
e 5 6 2
e 7 6 1
e 6 7 1
e 7 2 1
e 2 7 1
e 8 7 1
e 7 8 1
e 9 8 2
e 8 9 2
e 9 1 1
e 1 9 1
e 10 5 1
e 5 10 1
e 11 10 2
e 10 11 2
e 12 10 1
e 10 12 1
t # 120
v 0 0
v 1 0
v 2 0
v 3 0
v 4 0
v 5 0
v 6 0
v 7 0
v 8 0
v 9 0
v 10 0
v 11 0
v 12 0
v 13 0
v 14 0
v 15 0
v 16 1
v 17 2
v 18 2
v 19 1
v 20 2
v 21 2
v 22 1
v 23 2
v 24 2
e 1 0 0
e 0 1 0
e 2 1 0
e 1 2 0
e 3 2 0
e 2 3 0
e 4 3 0
e 3 4 0
e 5 4 0
e 4 5 0
e 5 0 0
e 0 5 0
e 6 4 1
e 4 6 1
e 7 6 0
e 6 7 0
e 8 7 0
e 7 8 0
e 9 8 0
e 8 9 0
e 10 9 0
e 9 10 0
e 11 10 0
e 10 11 0
e 11 6 0
e 6 11 0
e 12 11 0
e 11 12 0
e 12 3 1
e 3 12 1
e 13 12 0
e 12 13 0
e 14 13 0
e 13 14 0
e 15 14 0
e 14 15 0
e 15 10 0
e 10 15 0
e 16 14 1
e 14 16 1
e 17 16 2
e 16 17 2
e 18 16 1
e 16 18 1
e 19 13 1
e 13 19 1
e 20 19 2
e 19 20 2
e 21 19 1
e 19 21 1
e 22 8 1
e 8 22 1
e 23 22 2
e 22 23 2
e 24 22 1
e 22 24 1
t # 121
v 0 0
v 1 0
v 2 0
v 3 0
v 4 0
v 5 0
v 6 0
v 7 0
v 8 0
v 9 0
v 10 0
v 11 0
v 12 0
v 13 0
v 14 0
v 15 0
v 16 0
v 17 0
v 18 1
v 19 2
v 20 2
e 1 0 0
e 0 1 0
e 2 1 0
e 1 2 0
e 3 2 0
e 2 3 0
e 4 3 0
e 3 4 0
e 5 4 0
e 4 5 0
e 5 0 0
e 0 5 0
e 6 4 0
e 4 6 0
e 7 6 0
e 6 7 0
e 8 7 0
e 7 8 0
e 9 8 0
e 8 9 0
e 9 3 0
e 3 9 0
e 10 9 0
e 9 10 0
e 11 10 0
e 10 11 0
e 12 11 0
e 11 12 0
e 13 12 0
e 12 13 0
e 13 8 0
e 8 13 0
e 14 13 0
e 13 14 0
e 15 14 0
e 14 15 0
e 16 15 0
e 15 16 0
e 17 16 0
e 16 17 0
e 17 12 0
e 12 17 0
e 18 11 1
e 11 18 1
e 19 18 2
e 18 19 2
e 20 18 1
e 18 20 1
t # 122
v 0 0
v 1 0
v 2 0
v 3 0
v 4 0
v 5 0
v 6 0
v 7 0
v 8 0
v 9 0
v 10 0
v 11 0
v 12 0
v 13 0
v 14 1
v 15 2
v 16 2
e 1 0 1
e 0 1 1
e 2 1 0
e 1 2 0
e 3 2 0
e 2 3 0
e 4 3 0
e 3 4 0
e 5 4 0
e 4 5 0
e 6 5 0
e 5 6 0
e 6 1 0
e 1 6 0
e 7 6 1
e 6 7 1
e 8 7 0
e 7 8 0
e 9 8 0
e 8 9 0
e 10 9 0
e 9 10 0
e 11 10 0
e 10 11 0
e 12 11 0
e 11 12 0
e 12 7 0
e 7 12 0
e 13 11 1
e 11 13 1
e 14 10 1
e 10 14 1
e 15 14 2
e 14 15 2
e 16 14 1
e 14 16 1
t # 123
v 0 0
v 1 0
v 2 0
v 3 0
v 4 0
v 5 0
v 6 3
v 7 3
v 8 1
v 9 2
v 10 2
e 1 0 0
e 0 1 0
e 2 1 0
e 1 2 0
e 3 2 0
e 2 3 0
e 4 3 0
e 3 4 0
e 5 4 0
e 4 5 0
e 5 0 0
e 0 5 0
e 6 5 1
e 5 6 1
e 7 3 1
e 3 7 1
e 8 2 1
e 2 8 1
e 9 8 2
e 8 9 2
e 10 8 1
e 8 10 1
t # 124
v 0 0
v 1 0
v 2 0
v 3 0
v 4 0
v 5 0
v 6 0
v 7 0
v 8 0
v 9 0
v 10 0
v 11 0
v 12 0
v 13 0
v 14 0
v 15 0
v 16 1
v 17 2
v 18 2
e 1 0 0
e 0 1 0
e 2 1 0
e 1 2 0
e 3 2 0
e 2 3 0
e 4 3 0
e 3 4 0
e 5 4 0
e 4 5 0
e 6 5 0
e 5 6 0
e 7 6 0
e 6 7 0
e 8 7 0
e 7 8 0
e 9 8 0
e 8 9 0
e 10 9 0
e 9 10 0
e 10 5 0
e 5 10 0
e 11 10 0
e 10 11 0
e 11 2 0
e 2 11 0
e 12 11 0
e 11 12 0
e 13 12 0
e 12 13 0
e 13 0 0
e 0 13 0
e 14 12 1
e 12 14 1
e 15 14 1
e 14 15 1
e 15 9 1
e 9 15 1
e 16 7 1
e 7 16 1
e 17 16 2
e 16 17 2
e 18 16 1
e 16 18 1
t # 125
v 0 0
v 1 0
v 2 0
v 3 0
v 4 0
v 5 0
v 6 1
v 7 2
v 8 2
v 9 1
v 10 0
v 11 0
v 12 0
v 13 0
v 14 0
v 15 0
v 16 1
v 17 1
v 18 2
v 19 2
e 1 0 0
e 0 1 0
e 2 1 0
e 1 2 0
e 3 2 0
e 2 3 0
e 4 3 0
e 3 4 0
e 5 4 0
e 4 5 0
e 5 0 0
e 0 5 0
e 6 4 1
e 4 6 1
e 7 6 2
e 6 7 2
e 8 6 1
e 6 8 1
e 9 3 0
e 3 9 0
e 10 9 0
e 9 10 0
e 11 10 0
e 10 11 0
e 12 11 0
e 11 12 0
e 13 12 0
e 12 13 0
e 14 13 0
e 13 14 0
e 15 14 0
e 14 15 0
e 15 10 0
e 10 15 0
e 16 15 0
e 15 16 0
e 16 2 0
e 2 16 0
e 17 13 1
e 13 17 1
e 18 17 2
e 17 18 2
e 19 17 1
e 17 19 1
t # 126
v 0 0
v 1 0
v 2 0
v 3 0
v 4 0
v 5 0
v 6 1
v 7 2
v 8 2
v 9 0
v 10 0
v 11 0
v 12 0
v 13 0
v 14 0
v 15 1
v 16 2
v 17 2
v 18 1
v 19 2
v 20 2
e 1 0 0
e 0 1 0
e 2 1 0
e 1 2 0
e 3 2 0
e 2 3 0
e 4 3 0
e 3 4 0
e 5 4 0
e 4 5 0
e 5 0 0
e 0 5 0
e 6 4 1
e 4 6 1
e 7 6 2
e 6 7 2
e 8 6 1
e 6 8 1
e 9 2 1
e 2 9 1
e 10 9 0
e 9 10 0
e 11 10 0
e 10 11 0
e 12 11 0
e 11 12 0
e 13 12 0
e 12 13 0
e 14 13 0
e 13 14 0
e 14 9 0
e 9 14 0
e 15 13 1
e 13 15 1
e 16 15 2
e 15 16 2
e 17 15 1
e 15 17 1
e 18 12 1
e 12 18 1
e 19 18 2
e 18 19 2
e 20 18 1
e 18 20 1
t # 127
v 0 0
v 1 0
v 2 0
v 3 0
v 4 0
v 5 0
v 6 0
v 7 0
v 8 0
v 9 0
v 10 1
v 11 2
v 12 2
v 13 0
v 14 0
e 1 0 0
e 0 1 0
e 2 1 0
e 1 2 0
e 3 2 0
e 2 3 0
e 4 3 0
e 3 4 0
e 5 4 0
e 4 5 0
e 6 5 0
e 5 6 0
e 7 6 0
e 6 7 0
e 8 7 0
e 7 8 0
e 8 3 0
e 3 8 0
e 9 8 0
e 8 9 0
e 9 0 0
e 0 9 0
e 10 7 1
e 7 10 1
e 11 10 2
e 10 11 2
e 12 10 1
e 10 12 1
e 13 4 1
e 4 13 1
e 14 13 2
e 13 14 2
e 14 2 1
e 2 14 1
t # 128
v 0 0
v 1 0
v 2 0
v 3 0
v 4 0
v 5 0
v 6 1
v 7 2
v 8 2
v 9 1
v 10 2
v 11 2
v 12 1
v 13 1
e 1 0 0
e 0 1 0
e 2 1 0
e 1 2 0
e 3 2 0
e 2 3 0
e 4 3 0
e 3 4 0
e 5 4 0
e 4 5 0
e 5 0 0
e 0 5 0
e 6 5 1
e 5 6 1
e 7 6 2
e 6 7 2
e 8 6 1
e 6 8 1
e 9 3 1
e 3 9 1
e 10 9 2
e 9 10 2
e 11 9 1
e 9 11 1
e 12 2 1
e 2 12 1
e 13 12 1
e 12 13 1
t # 129
v 0 0
v 1 2
v 2 0
v 3 0
v 4 0
v 5 0
v 6 0
v 7 0
v 8 1
v 9 2
v 10 2
e 1 0 1
e 0 1 1
e 2 1 1
e 1 2 1
e 3 2 0
e 2 3 0
e 4 3 0
e 3 4 0
e 5 4 0
e 4 5 0
e 6 5 0
e 5 6 0
e 7 6 0
e 6 7 0
e 7 2 0
e 2 7 0
e 8 7 1
e 7 8 1
e 9 8 2
e 8 9 2
e 10 8 1
e 8 10 1
t # 130
v 0 0
v 1 0
v 2 0
v 3 0
v 4 0
v 5 0
v 6 0
v 7 0
v 8 0
v 9 2
v 10 0
v 11 0
v 12 0
v 13 0
v 14 0
v 15 0
v 16 1
v 17 2
v 18 2
e 1 0 0
e 0 1 0
e 2 1 0
e 1 2 0
e 3 2 0
e 2 3 0
e 4 3 0
e 3 4 0
e 5 4 0
e 4 5 0
e 5 0 0
e 0 5 0
e 6 3 1
e 3 6 1
e 7 6 2
e 6 7 2
e 8 7 1
e 7 8 1
e 9 8 2
e 8 9 2
e 10 8 1
e 8 10 1
e 11 10 0
e 10 11 0
e 12 11 0
e 11 12 0
e 13 12 0
e 12 13 0
e 14 13 0
e 13 14 0
e 15 14 0
e 14 15 0
e 15 10 0
e 10 15 0
e 16 13 1
e 13 16 1
e 17 16 2
e 16 17 2
e 18 16 1
e 16 18 1
t # 131
v 0 0
v 1 0
v 2 0
v 3 0
v 4 0
v 5 0
v 6 0
v 7 2
v 8 1
v 9 2
v 10 2
e 1 0 0
e 0 1 0
e 2 1 0
e 1 2 0
e 3 2 0
e 2 3 0
e 4 3 0
e 3 4 0
e 5 4 0
e 4 5 0
e 5 0 0
e 0 5 0
e 6 4 1
e 4 6 1
e 7 6 2
e 6 7 2
e 8 3 1
e 3 8 1
e 9 8 2
e 8 9 2
e 10 8 1
e 8 10 1
t # 132
v 0 0
v 1 0
v 2 0
v 3 0
v 4 0
v 5 0
v 6 5
v 7 5
v 8 2
v 9 0
v 10 0
v 11 0
v 12 0
v 13 0
v 14 0
v 15 5
v 16 1
v 17 2
v 18 2
v 19 5
v 20 2
e 1 0 0
e 0 1 0
e 2 1 0
e 1 2 0
e 3 2 0
e 2 3 0
e 4 3 0
e 3 4 0
e 5 4 0
e 4 5 0
e 5 0 0
e 0 5 0
e 6 5 1
e 5 6 1
e 7 4 1
e 4 7 1
e 8 2 1
e 2 8 1
e 9 8 1
e 8 9 1
e 10 9 0
e 9 10 0
e 11 10 0
e 10 11 0
e 12 11 0
e 11 12 0
e 13 12 0
e 12 13 0
e 14 13 0
e 13 14 0
e 14 9 0
e 9 14 0
e 15 14 1
e 14 15 1
e 16 13 1
e 13 16 1
e 17 16 2
e 16 17 2
e 18 16 1
e 16 18 1
e 19 12 1
e 12 19 1
e 20 10 1
e 10 20 1
e 20 1 1
e 1 20 1
t # 133
v 0 0
v 1 0
v 2 0
v 3 0
v 4 0
v 5 0
v 6 0
v 7 0
v 8 0
v 9 0
v 10 0
v 11 0
v 12 0
v 13 0
v 14 0
v 15 0
v 16 1
v 17 2
v 18 2
v 19 1
v 20 2
v 21 2
e 1 0 0
e 0 1 0
e 2 1 0
e 1 2 0
e 3 2 0
e 2 3 0
e 4 3 0
e 3 4 0
e 5 4 0
e 4 5 0
e 6 5 0
e 5 6 0
e 7 6 0
e 6 7 0
e 7 2 0
e 2 7 0
e 8 7 0
e 7 8 0
e 9 8 0
e 8 9 0
e 9 0 0
e 0 9 0
e 10 9 0
e 9 10 0
e 11 10 0
e 10 11 0
e 12 11 0
e 11 12 0
e 13 12 0
e 12 13 0
e 13 8 0
e 8 13 0
e 14 13 1
e 13 14 1
e 15 14 1
e 14 15 1
e 15 6 1
e 6 15 1
e 16 11 1
e 11 16 1
e 17 16 2
e 16 17 2
e 18 16 1
e 16 18 1
e 19 4 1
e 4 19 1
e 20 19 2
e 19 20 2
e 21 19 1
e 19 21 1
t # 134
v 0 0
v 1 0
v 2 0
v 3 0
v 4 0
v 5 0
v 6 1
v 7 2
v 8 2
v 9 5
v 10 3
e 1 0 0
e 0 1 0
e 2 1 0
e 1 2 0
e 3 2 0
e 2 3 0
e 4 3 0
e 3 4 0
e 5 4 0
e 4 5 0
e 5 0 0
e 0 5 0
e 6 5 1
e 5 6 1
e 7 6 2
e 6 7 2
e 8 6 1
e 6 8 1
e 9 3 1
e 3 9 1
e 10 2 1
e 2 10 1
t # 135
v 0 0
v 1 0
v 2 0
v 3 0
v 4 0
v 5 0
v 6 0
v 7 0
v 8 0
v 9 0
v 10 0
v 11 0
v 12 0
v 13 0
v 14 0
v 15 0
v 16 2
v 17 1
v 18 2
v 19 2
e 1 0 0
e 0 1 0
e 2 1 0
e 1 2 0
e 3 2 0
e 2 3 0
e 4 3 0
e 3 4 0
e 5 4 0
e 4 5 0
e 6 5 0
e 5 6 0
e 7 6 0
e 6 7 0
e 8 7 0
e 7 8 0
e 9 8 0
e 8 9 0
e 10 9 0
e 9 10 0
e 10 5 0
e 5 10 0
e 11 10 0
e 10 11 0
e 11 2 0
e 2 11 0
e 12 11 0
e 11 12 0
e 13 12 0
e 12 13 0
e 13 0 0
e 0 13 0
e 14 12 0
e 12 14 0
e 15 14 0
e 14 15 0
e 15 9 0
e 9 15 0
e 16 8 1
e 8 16 1
e 17 6 1
e 6 17 1
e 18 17 2
e 17 18 2
e 19 17 1
e 17 19 1
t # 136
v 0 0
v 1 0
v 2 0
v 3 0
v 4 0
v 5 0
v 6 0
v 7 0
v 8 0
v 9 0
v 10 0
v 11 0
v 12 0
v 13 0
v 14 0
v 15 0
v 16 1
v 17 2
v 18 2
v 19 1
v 20 2
v 21 2
e 1 0 0
e 0 1 0
e 2 1 0
e 1 2 0
e 3 2 0
e 2 3 0
e 4 3 0
e 3 4 0
e 5 4 0
e 4 5 0
e 5 0 0
e 0 5 0
e 6 4 1
e 4 6 1
e 7 6 0
e 6 7 0
e 8 7 0
e 7 8 0
e 9 8 0
e 8 9 0
e 10 9 0
e 9 10 0
e 11 10 0
e 10 11 0
e 11 6 0
e 6 11 0
e 12 11 0
e 11 12 0
e 12 3 1
e 3 12 1
e 13 12 0
e 12 13 0
e 14 13 0
e 13 14 0
e 15 14 0
e 14 15 0
e 15 10 0
e 10 15 0
e 16 15 1
e 15 16 1
e 17 16 2
e 16 17 2
e 18 16 1
e 16 18 1
e 19 14 1
e 14 19 1
e 20 19 2
e 19 20 2
e 21 19 1
e 19 21 1
t # 137
v 0 0
v 1 1
v 2 1
v 3 0
v 4 0
v 5 0
v 6 0
v 7 0
v 8 0
v 9 0
v 10 1
v 11 2
v 12 2
e 1 0 1
e 0 1 1
e 2 1 2
e 1 2 2
e 3 2 1
e 2 3 1
e 4 3 1
e 3 4 1
e 5 4 2
e 4 5 2
e 6 5 1
e 5 6 1
e 7 6 2
e 6 7 2
e 8 7 1
e 7 8 1
e 8 3 1
e 3 8 1
e 9 8 2
e 8 9 2
e 9 1 1
e 1 9 1
e 10 5 1
e 5 10 1
e 11 10 2
e 10 11 2
e 12 10 1
e 10 12 1
t # 138
v 0 0
v 1 0
v 2 0
v 3 0
v 4 0
v 5 0
v 6 5
v 7 1
v 8 2
v 9 2
v 10 1
e 1 0 0
e 0 1 0
e 2 1 0
e 1 2 0
e 3 2 0
e 2 3 0
e 4 3 0
e 3 4 0
e 5 4 0
e 4 5 0
e 5 0 0
e 0 5 0
e 6 5 1
e 5 6 1
e 7 3 1
e 3 7 1
e 8 7 2
e 7 8 2
e 9 7 1
e 7 9 1
e 10 2 1
e 2 10 1
t # 139
v 0 0
v 1 0
v 2 0
v 3 0
v 4 0
v 5 0
v 6 0
v 7 0
v 8 0
v 9 0
v 10 1
v 11 2
v 12 2
v 13 1
v 14 2
v 15 2
e 1 0 0
e 0 1 0
e 2 1 0
e 1 2 0
e 3 2 0
e 2 3 0
e 4 3 0
e 3 4 0
e 5 4 0
e 4 5 0
e 6 5 0
e 5 6 0
e 7 6 0
e 6 7 0
e 7 2 0
e 2 7 0
e 8 7 0
e 7 8 0
e 9 8 0
e 8 9 0
e 9 0 0
e 0 9 0
e 10 8 1
e 8 10 1
e 11 10 2
e 10 11 2
e 12 10 1
e 10 12 1
e 13 6 1
e 6 13 1
e 14 13 2
e 13 14 2
e 15 13 1
e 13 15 1
t # 140
v 0 0
v 1 0
v 2 0
v 3 0
v 4 0
v 5 0
v 6 5
v 7 5
v 8 1
v 9 2
v 10 2
e 1 0 0
e 0 1 0
e 2 1 0
e 1 2 0
e 3 2 0
e 2 3 0
e 4 3 0
e 3 4 0
e 5 4 0
e 4 5 0
e 5 0 0
e 0 5 0
e 6 4 1
e 4 6 1
e 7 3 1
e 3 7 1
e 8 2 1
e 2 8 1
e 9 8 2
e 8 9 2
e 10 8 1
e 8 10 1
t # 141
v 0 0
v 1 0
v 2 0
v 3 0
v 4 0
v 5 0
v 6 2
v 7 0
v 8 0
v 9 0
v 10 0
v 11 0
v 12 0
v 13 2
v 14 5
v 15 5
v 16 5
v 17 1
v 18 2
v 19 2
e 1 0 0
e 0 1 0
e 2 1 0
e 1 2 0
e 3 2 0
e 2 3 0
e 4 3 0
e 3 4 0
e 5 4 0
e 4 5 0
e 5 0 0
e 0 5 0
e 6 5 1
e 5 6 1
e 7 6 1
e 6 7 1
e 8 7 0
e 7 8 0
e 9 8 0
e 8 9 0
e 10 9 0
e 9 10 0
e 11 10 0
e 10 11 0
e 12 11 0
e 11 12 0
e 12 7 0
e 7 12 0
e 13 12 1
e 12 13 1
e 13 4 1
e 4 13 1
e 14 10 1
e 10 14 1
e 15 9 1
e 9 15 1
e 16 2 1
e 2 16 1
e 17 1 1
e 1 17 1
e 18 17 2
e 17 18 2
e 19 17 1
e 17 19 1
t # 142
v 0 0
v 1 0
v 2 2
v 3 0
v 4 0
v 5 0
v 6 0
v 7 0
v 8 0
v 9 1
v 10 2
v 11 2
e 1 0 1
e 0 1 1
e 2 1 1
e 1 2 1
e 3 2 1
e 2 3 1
e 4 3 0
e 3 4 0
e 5 4 0
e 4 5 0
e 6 5 0
e 5 6 0
e 7 6 0
e 6 7 0
e 8 7 0
e 7 8 0
e 8 3 0
e 3 8 0
e 9 8 1
e 8 9 1
e 10 9 2
e 9 10 2
e 11 9 1
e 9 11 1
t # 143
v 0 0
v 1 0
v 2 0
v 3 0
v 4 0
v 5 0
v 6 5
v 7 1
v 8 2
v 9 2
v 10 5
e 1 0 0
e 0 1 0
e 2 1 0
e 1 2 0
e 3 2 0
e 2 3 0
e 4 3 0
e 3 4 0
e 5 4 0
e 4 5 0
e 5 0 0
e 0 5 0
e 6 5 1
e 5 6 1
e 7 3 1
e 3 7 1
e 8 7 2
e 7 8 2
e 9 7 1
e 7 9 1
e 10 2 1
e 2 10 1
t # 144
v 0 0
v 1 0
v 2 0
v 3 0
v 4 0
v 5 0
v 6 1
v 7 0
v 8 0
v 9 0
v 10 0
v 11 0
v 12 0
v 13 1
v 14 2
v 15 2
e 1 0 0
e 0 1 0
e 2 1 0
e 1 2 0
e 3 2 0
e 2 3 0
e 4 3 0
e 3 4 0
e 5 4 0
e 4 5 0
e 5 0 0
e 0 5 0
e 6 4 1
e 4 6 1
e 7 2 1
e 2 7 1
e 8 7 0
e 7 8 0
e 9 8 0
e 8 9 0
e 10 9 0
e 9 10 0
e 11 10 0
e 10 11 0
e 12 11 0
e 11 12 0
e 12 7 0
e 7 12 0
e 13 10 1
e 10 13 1
e 14 13 2
e 13 14 2
e 15 13 1
e 13 15 1
t # 145
v 0 0
v 1 0
v 2 0
v 3 0
v 4 0
v 5 0
v 6 0
v 7 0
v 8 0
v 9 0
v 10 0
v 11 0
v 12 1
v 13 2
v 14 2
v 15 1
e 1 0 0
e 0 1 0
e 2 1 0
e 1 2 0
e 3 2 0
e 2 3 0
e 4 3 0
e 3 4 0
e 5 4 0
e 4 5 0
e 5 0 0
e 0 5 0
e 6 5 1
e 5 6 1
e 7 6 0
e 6 7 0
e 8 7 0
e 7 8 0
e 9 8 0
e 8 9 0
e 10 9 0
e 9 10 0
e 11 10 0
e 10 11 0
e 11 6 0
e 6 11 0
e 12 9 1
e 9 12 1
e 13 12 2
e 12 13 2
e 14 12 1
e 12 14 1
e 15 2 1
e 2 15 1
t # 146
v 0 0
v 1 0
v 2 1
v 3 0
v 4 0
v 5 0
v 6 0
v 7 0
v 8 0
v 9 1
v 10 1
v 11 2
v 12 2
e 1 0 1
e 0 1 1
e 2 1 2
e 1 2 2
e 3 2 1
e 2 3 1
e 4 3 1
e 3 4 1
e 5 4 2
e 4 5 2
e 6 5 1
e 5 6 1
e 7 6 2
e 6 7 2
e 8 7 1
e 7 8 1
e 8 3 1
e 3 8 1
e 9 8 2
e 8 9 2
e 9 1 1
e 1 9 1
e 10 5 1
e 5 10 1
e 11 10 2
e 10 11 2
e 12 10 1
e 10 12 1
t # 147
v 0 0
v 1 0
v 2 0
v 3 0
v 4 0
v 5 0
v 6 0
v 7 0
v 8 0
v 9 0
v 10 0
v 11 0
v 12 1
v 13 2
v 14 2
e 1 0 0
e 0 1 0
e 2 1 0
e 1 2 0
e 3 2 0
e 2 3 0
e 4 3 0
e 3 4 0
e 5 4 0
e 4 5 0
e 6 5 0
e 5 6 0
e 7 6 0
e 6 7 0
e 7 2 0
e 2 7 0
e 8 7 0
e 7 8 0
e 9 8 0
e 8 9 0
e 9 0 0
e 0 9 0
e 10 8 1
e 8 10 1
e 11 10 2
e 10 11 2
e 11 6 1
e 6 11 1
e 12 5 1
e 5 12 1
e 13 12 2
e 12 13 2
e 14 12 1
e 12 14 1
t # 148
v 0 0
v 1 0
v 2 0
v 3 0
v 4 0
v 5 0
v 6 1
v 7 2
v 8 2
v 9 1
v 10 0
v 11 0
v 12 0
v 13 0
v 14 0
v 15 0
v 16 1
v 17 1
v 18 2
v 19 2
e 1 0 0
e 0 1 0
e 2 1 0
e 1 2 0
e 3 2 0
e 2 3 0
e 4 3 0
e 3 4 0
e 5 4 0
e 4 5 0
e 5 0 0
e 0 5 0
e 6 5 1
e 5 6 1
e 7 6 2
e 6 7 2
e 8 6 1
e 6 8 1
e 9 3 0
e 3 9 0
e 10 9 0
e 9 10 0
e 11 10 0
e 10 11 0
e 12 11 0
e 11 12 0
e 13 12 0
e 12 13 0
e 14 13 0
e 13 14 0
e 15 14 0
e 14 15 0
e 15 10 0
e 10 15 0
e 16 15 0
e 15 16 0
e 16 2 0
e 2 16 0
e 17 13 1
e 13 17 1
e 18 17 2
e 17 18 2
e 19 17 1
e 17 19 1
t # 149
v 0 0
v 1 0
v 2 1
v 3 0
v 4 0
v 5 1
v 6 0
v 7 0
v 8 2
v 9 1
v 10 2
v 11 2
e 1 0 1
e 0 1 1
e 2 1 2
e 1 2 2
e 3 2 1
e 2 3 1
e 4 3 1
e 3 4 1
e 5 4 2
e 4 5 2
e 5 1 1
e 1 5 1
e 6 5 1
e 5 6 1
e 7 6 1
e 6 7 1
e 8 7 1
e 7 8 1
e 9 4 1
e 4 9 1
e 10 9 2
e 9 10 2
e 11 9 1
e 9 11 1
t # 150
v 0 0
v 1 0
v 2 0
v 3 0
v 4 1
v 5 1
v 6 0
v 7 0
v 8 0
v 9 1
v 10 2
v 11 2
e 1 0 2
e 0 1 2
e 2 1 1
e 1 2 1
e 3 2 1
e 2 3 1
e 4 3 2
e 3 4 2
e 5 4 1
e 4 5 1
e 6 5 2
e 5 6 2
e 6 2 1
e 2 6 1
e 7 6 1
e 6 7 1
e 8 7 2
e 7 8 2
e 8 0 1
e 0 8 1
e 9 7 1
e 7 9 1
e 10 9 2
e 9 10 2
e 11 9 1
e 9 11 1
t # 151
v 0 0
v 1 0
v 2 0
v 3 0
v 4 0
v 5 0
v 6 0
v 7 0
v 8 0
v 9 0
v 10 0
v 11 0
v 12 0
v 13 0
v 14 0
v 15 0
v 16 1
v 17 2
v 18 2
v 19 1
v 20 2
v 21 2
e 1 0 0
e 0 1 0
e 2 1 0
e 1 2 0
e 3 2 0
e 2 3 0
e 4 3 0
e 3 4 0
e 5 4 0
e 4 5 0
e 5 0 0
e 0 5 0
e 6 4 1
e 4 6 1
e 7 6 0
e 6 7 0
e 8 7 0
e 7 8 0
e 9 8 0
e 8 9 0
e 10 9 0
e 9 10 0
e 11 10 0
e 10 11 0
e 11 6 0
e 6 11 0
e 12 11 0
e 11 12 0
e 12 3 1
e 3 12 1
e 13 12 0
e 12 13 0
e 14 13 0
e 13 14 0
e 15 14 0
e 14 15 0
e 15 10 0
e 10 15 0
e 16 14 1
e 14 16 1
e 17 16 2
e 16 17 2
e 18 16 1
e 16 18 1
e 19 8 1
e 8 19 1
e 20 19 2
e 19 20 2
e 21 19 1
e 19 21 1
t # 152
v 0 0
v 1 0
v 2 0
v 3 0
v 4 0
v 5 0
v 6 0
v 7 0
v 8 0
v 9 0
v 10 1
v 11 2
v 12 2
v 13 0
v 14 0
e 1 0 0
e 0 1 0
e 2 1 0
e 1 2 0
e 3 2 0
e 2 3 0
e 4 3 0
e 3 4 0
e 5 4 0
e 4 5 0
e 6 5 0
e 5 6 0
e 7 6 0
e 6 7 0
e 8 7 0
e 7 8 0
e 8 3 0
e 3 8 0
e 9 8 0
e 8 9 0
e 9 0 0
e 0 9 0
e 10 7 1
e 7 10 1
e 11 10 2
e 10 11 2
e 12 10 1
e 10 12 1
e 13 4 1
e 4 13 1
e 14 13 1
e 13 14 1
e 14 2 1
e 2 14 1
t # 153
v 0 0
v 1 0
v 2 0
v 3 0
v 4 1
v 5 0
v 6 1
v 7 1
v 8 2
v 9 2
v 10 0
v 11 0
e 1 0 2
e 0 1 2
e 2 1 1
e 1 2 1
e 3 2 1
e 2 3 1
e 4 3 2
e 3 4 2
e 5 4 1
e 4 5 1
e 6 5 2
e 5 6 2
e 6 2 1
e 2 6 1
e 7 5 1
e 5 7 1
e 8 7 2
e 7 8 2
e 9 7 1
e 7 9 1
e 10 3 1
e 3 10 1
e 11 10 2
e 10 11 2
e 11 0 1
e 0 11 1
t # 154
v 0 0
v 1 2
v 2 0
v 3 0
v 4 0
v 5 0
v 6 0
v 7 0
v 8 1
v 9 2
v 10 2
v 11 1
v 12 2
v 13 2
e 1 0 1
e 0 1 1
e 2 1 1
e 1 2 1
e 3 2 0
e 2 3 0
e 4 3 0
e 3 4 0
e 5 4 0
e 4 5 0
e 6 5 0
e 5 6 0
e 7 6 0
e 6 7 0
e 7 2 0
e 2 7 0
e 8 7 1
e 7 8 1
e 9 8 2
e 8 9 2
e 10 8 1
e 8 10 1
e 11 5 1
e 5 11 1
e 12 11 2
e 11 12 2
e 13 11 1
e 11 13 1
t # 155
v 0 0
v 1 0
v 2 0
v 3 0
v 4 0
v 5 0
v 6 1
v 7 2
v 8 2
v 9 1
v 10 0
v 11 0
e 1 0 0
e 0 1 0
e 2 1 0
e 1 2 0
e 3 2 0
e 2 3 0
e 4 3 0
e 3 4 0
e 5 4 0
e 4 5 0
e 5 0 0
e 0 5 0
e 6 5 1
e 5 6 1
e 7 6 2
e 6 7 2
e 8 6 1
e 6 8 1
e 9 3 1
e 3 9 1
e 10 9 1
e 9 10 1
e 11 10 1
e 10 11 1
e 11 2 1
e 2 11 1
t # 156
v 0 0
v 1 0
v 2 0
v 3 0
v 4 0
v 5 0
v 6 0
v 7 0
v 8 0
v 9 0
v 10 0
v 11 0
v 12 0
v 13 0
v 14 0
v 15 0
v 16 2
v 17 1
v 18 2
v 19 2
e 1 0 0
e 0 1 0
e 2 1 0
e 1 2 0
e 3 2 0
e 2 3 0
e 4 3 0
e 3 4 0
e 5 4 0
e 4 5 0
e 6 5 0
e 5 6 0
e 7 6 0
e 6 7 0
e 7 2 0
e 2 7 0
e 8 7 0
e 7 8 0
e 9 8 0
e 8 9 0
e 9 0 0
e 0 9 0
e 10 9 0
e 9 10 0
e 11 10 0
e 10 11 0
e 12 11 0
e 11 12 0
e 13 12 0
e 12 13 0
e 13 8 0
e 8 13 0
e 14 13 0
e 13 14 0
e 15 14 0
e 14 15 0
e 15 6 0
e 6 15 0
e 16 12 1
e 12 16 1
e 17 3 1
e 3 17 1
e 18 17 2
e 17 18 2
e 19 17 1
e 17 19 1
t # 157
v 0 0
v 1 0
v 2 2
v 3 1
v 4 0
v 5 0
v 6 0
v 7 0
v 8 0
v 9 0
v 10 0
v 11 0
v 12 0
v 13 0
v 14 0
v 15 0
v 16 0
v 17 1
v 18 2
v 19 2
e 1 0 1
e 0 1 1
e 2 1 2
e 1 2 2
e 3 1 1
e 1 3 1
e 4 3 1
e 3 4 1
e 5 4 0
e 4 5 0
e 6 5 0
e 5 6 0
e 7 6 0
e 6 7 0
e 8 7 0
e 7 8 0
e 9 8 0
e 8 9 0
e 9 4 0
e 4 9 0
e 10 8 1
e 8 10 1
e 11 10 1
e 10 11 1
e 12 11 0
e 11 12 0
e 12 7 1
e 7 12 1
e 13 12 0
e 12 13 0
e 14 13 0
e 13 14 0
e 15 14 0
e 14 15 0
e 16 15 0
e 15 16 0
e 16 11 0
e 11 16 0
e 17 15 1
e 15 17 1
e 18 17 2
e 17 18 2
e 19 17 1
e 17 19 1
t # 158
v 0 0
v 1 0
v 2 0
v 3 0
v 4 0
v 5 0
v 6 0
v 7 0
v 8 0
v 9 0
v 10 0
v 11 0
v 12 0
v 13 0
v 14 0
v 15 0
v 16 1
v 17 2
v 18 2
v 19 2
e 1 0 0
e 0 1 0
e 2 1 0
e 1 2 0
e 3 2 0
e 2 3 0
e 4 3 0
e 3 4 0
e 5 4 0
e 4 5 0
e 6 5 0
e 5 6 0
e 7 6 0
e 6 7 0
e 7 2 0
e 2 7 0
e 8 7 0
e 7 8 0
e 9 8 0
e 8 9 0
e 9 0 0
e 0 9 0
e 10 9 0
e 9 10 0
e 11 10 0
e 10 11 0
e 12 11 0
e 11 12 0
e 13 12 0
e 12 13 0
e 13 8 0
e 8 13 0
e 14 13 0
e 13 14 0
e 15 14 0
e 14 15 0
e 15 6 0
e 6 15 0
e 16 12 1
e 12 16 1
e 17 16 2
e 16 17 2
e 18 16 1
e 16 18 1
e 19 5 1
e 5 19 1
t # 159
v 0 0
v 1 0
v 2 0
v 3 0
v 4 0
v 5 0
v 6 1
v 7 2
v 8 2
v 9 1
v 10 6
v 11 1
v 12 2
v 13 2
e 1 0 0
e 0 1 0
e 2 1 0
e 1 2 0
e 3 2 0
e 2 3 0
e 4 3 0
e 3 4 0
e 5 4 0
e 4 5 0
e 5 0 0
e 0 5 0
e 6 5 1
e 5 6 1
e 7 6 2
e 6 7 2
e 8 6 1
e 6 8 1
e 9 4 1
e 4 9 1
e 10 3 1
e 3 10 1
e 11 1 1
e 1 11 1
e 12 11 2
e 11 12 2
e 13 11 1
e 11 13 1
t # 160
v 0 0
v 1 0
v 2 0
v 3 0
v 4 0
v 5 0
v 6 0
v 7 0
v 8 0
v 9 0
v 10 0
v 11 0
v 12 0
v 13 0
v 14 0
v 15 0
v 16 0
v 17 0
v 18 0
v 19 0
v 20 1
v 21 2
v 22 2
v 23 1
v 24 2
v 25 2
e 1 0 0
e 0 1 0
e 2 1 0
e 1 2 0
e 3 2 0
e 2 3 0
e 4 3 0
e 3 4 0
e 5 4 0
e 4 5 0
e 5 0 0
e 0 5 0
e 6 4 0
e 4 6 0
e 7 6 0
e 6 7 0
e 8 7 0
e 7 8 0
e 9 8 0
e 8 9 0
e 10 9 0
e 9 10 0
e 11 10 0
e 10 11 0
e 11 6 0
e 6 11 0
e 12 11 0
e 11 12 0
e 13 12 0
e 12 13 0
e 13 3 0
e 3 13 0
e 14 13 0
e 13 14 0
e 15 14 0
e 14 15 0
e 16 15 0
e 15 16 0
e 17 16 0
e 16 17 0
e 17 12 0
e 12 17 0
e 18 17 0
e 17 18 0
e 19 18 0
e 18 19 0
e 19 10 0
e 10 19 0
e 20 14 1
e 14 20 1
e 21 20 2
e 20 21 2
e 22 20 1
e 20 22 1
e 23 9 1
e 9 23 1
e 24 23 2
e 23 24 2
e 25 23 1
e 23 25 1
t # 161
v 0 0
v 1 0
v 2 0
v 3 0
v 4 0
v 5 0
v 6 0
v 7 0
v 8 0
v 9 0
v 10 0
v 11 0
v 12 1
v 13 2
v 14 2
v 15 1
v 16 2
v 17 2
v 18 1
v 19 2
v 20 2
v 21 1
v 22 2
v 23 2
e 1 0 0
e 0 1 0
e 2 1 0
e 1 2 0
e 3 2 0
e 2 3 0
e 4 3 0
e 3 4 0
e 5 4 0
e 4 5 0
e 5 0 0
e 0 5 0
e 6 5 1
e 5 6 1
e 7 6 0
e 6 7 0
e 8 7 0
e 7 8 0
e 9 8 0
e 8 9 0
e 10 9 0
e 9 10 0
e 11 10 0
e 10 11 0
e 11 6 0
e 6 11 0
e 12 10 1
e 10 12 1
e 13 12 2
e 12 13 2
e 14 12 1
e 12 14 1
e 15 9 1
e 9 15 1
e 16 15 2
e 15 16 2
e 17 15 1
e 15 17 1
e 18 3 1
e 3 18 1
e 19 18 2
e 18 19 2
e 20 18 1
e 18 20 1
e 21 2 1
e 2 21 1
e 22 21 2
e 21 22 2
e 23 21 1
e 21 23 1
t # 162
v 0 0
v 1 0
v 2 0
v 3 0
v 4 0
v 5 0
v 6 0
v 7 0
v 8 0
v 9 0
v 10 0
v 11 0
v 12 0
v 13 0
v 14 0
v 15 0
v 16 1
v 17 2
v 18 2
v 19 1
v 20 2
v 21 2
e 1 0 0
e 0 1 0
e 2 1 0
e 1 2 0
e 3 2 0
e 2 3 0
e 4 3 0
e 3 4 0
e 5 4 0
e 4 5 0
e 6 5 0
e 5 6 0
e 7 6 0
e 6 7 0
e 7 2 0
e 2 7 0
e 8 7 0
e 7 8 0
e 9 8 0
e 8 9 0
e 9 0 0
e 0 9 0
e 10 9 0
e 9 10 0
e 11 10 0
e 10 11 0
e 12 11 0
e 11 12 0
e 13 12 0
e 12 13 0
e 13 8 0
e 8 13 0
e 14 13 0
e 13 14 0
e 15 14 0
e 14 15 0
e 15 6 0
e 6 15 0
e 16 11 1
e 11 16 1
e 17 16 2
e 16 17 2
e 18 16 1
e 16 18 1
e 19 4 1
e 4 19 1
e 20 19 2
e 19 20 2
e 21 19 1
e 19 21 1
t # 163
v 0 0
v 1 0
v 2 0
v 3 0
v 4 0
v 5 0
v 6 0
v 7 0
v 8 0
v 9 0
v 10 0
v 11 0
v 12 0
v 13 0
v 14 0
v 15 0
v 16 1
v 17 2
v 18 2
v 19 1
v 20 2
v 21 2
e 1 0 0
e 0 1 0
e 2 1 0
e 1 2 0
e 3 2 0
e 2 3 0
e 4 3 0
e 3 4 0
e 5 4 0
e 4 5 0
e 6 5 0
e 5 6 0
e 7 6 0
e 6 7 0
e 8 7 0
e 7 8 0
e 9 8 0
e 8 9 0
e 10 9 0
e 9 10 0
e 10 5 0
e 5 10 0
e 11 10 0
e 10 11 0
e 11 2 0
e 2 11 0
e 12 11 0
e 11 12 0
e 13 12 0
e 12 13 0
e 13 0 0
e 0 13 0
e 14 12 0
e 12 14 0
e 15 14 0
e 14 15 0
e 15 9 0
e 9 15 0
e 16 8 1
e 8 16 1
e 17 16 2
e 16 17 2
e 18 16 1
e 16 18 1
e 19 6 1
e 6 19 1
e 20 19 2
e 19 20 2
e 21 19 1
e 19 21 1
t # 164
v 0 0
v 1 0
v 2 0
v 3 0
v 4 0
v 5 0
v 6 0
v 7 0
v 8 0
v 9 0
v 10 0
v 11 0
v 12 0
v 13 0
v 14 0
v 15 0
v 16 1
v 17 2
v 18 2
e 1 0 0
e 0 1 0
e 2 1 0
e 1 2 0
e 3 2 0
e 2 3 0
e 4 3 0
e 3 4 0
e 5 4 0
e 4 5 0
e 6 5 0
e 5 6 0
e 7 6 0
e 6 7 0
e 7 2 0
e 2 7 0
e 8 7 0
e 7 8 0
e 9 8 0
e 8 9 0
e 9 0 0
e 0 9 0
e 10 8 1
e 8 10 1
e 11 10 0
e 10 11 0
e 11 6 1
e 6 11 1
e 12 11 0
e 11 12 0
e 13 12 0
e 12 13 0
e 14 13 0
e 13 14 0
e 15 14 0
e 14 15 0
e 15 10 0
e 10 15 0
e 16 13 1
e 13 16 1
e 17 16 2
e 16 17 2
e 18 16 1
e 16 18 1
t # 165
v 0 0
v 1 0
v 2 2
v 3 2
v 4 0
v 5 0
v 6 0
v 7 0
v 8 0
v 9 0
v 10 0
v 11 0
v 12 0
v 13 0
v 14 0
v 15 0
v 16 0
v 17 0
v 18 0
v 19 0
v 20 1
v 21 2
v 22 2
e 1 0 1
e 0 1 1
e 2 1 2
e 1 2 2
e 3 1 1
e 1 3 1
e 4 3 1
e 3 4 1
e 5 4 0
e 4 5 0
e 6 5 0
e 5 6 0
e 7 6 0
e 6 7 0
e 8 7 0
e 7 8 0
e 9 8 0
e 8 9 0
e 10 9 0
e 9 10 0
e 11 10 0
e 10 11 0
e 12 11 0
e 11 12 0
e 13 12 0
e 12 13 0
e 14 13 0
e 13 14 0
e 15 14 0
e 14 15 0
e 15 10 0
e 10 15 0
e 16 15 0
e 15 16 0
e 16 7 0
e 7 16 0
e 17 16 0
e 16 17 0
e 17 4 0
e 4 17 0
e 18 17 0
e 17 18 0
e 19 18 0
e 18 19 0
e 19 14 0
e 14 19 0
e 20 6 1
e 6 20 1
e 21 20 2
e 20 21 2
e 22 20 1
e 20 22 1
t # 166
v 0 0
v 1 0
v 2 0
v 3 0
v 4 0
v 5 0
v 6 0
v 7 0
v 8 0
v 9 0
v 10 0
v 11 0
v 12 0
v 13 0
v 14 0
v 15 0
v 16 1
v 17 2
v 18 2
v 19 1
v 20 2
v 21 2
e 1 0 0
e 0 1 0
e 2 1 0
e 1 2 0
e 3 2 0
e 2 3 0
e 4 3 0
e 3 4 0
e 5 4 0
e 4 5 0
e 6 5 0
e 5 6 0
e 7 6 0
e 6 7 0
e 7 2 0
e 2 7 0
e 8 7 0
e 7 8 0
e 9 8 0
e 8 9 0
e 9 0 0
e 0 9 0
e 10 9 0
e 9 10 0
e 11 10 0
e 10 11 0
e 12 11 0
e 11 12 0
e 13 12 0
e 12 13 0
e 13 8 0
e 8 13 0
e 14 13 0
e 13 14 0
e 15 14 0
e 14 15 0
e 15 6 0
e 6 15 0
e 16 12 1
e 12 16 1
e 17 16 2
e 16 17 2
e 18 16 1
e 16 18 1
e 19 3 1
e 3 19 1
e 20 19 2
e 19 20 2
e 21 19 1
e 19 21 1
t # 167
v 0 0
v 1 2
v 2 0
v 3 0
v 4 0
v 5 0
v 6 0
v 7 0
v 8 1
v 9 2
v 10 2
e 1 0 1
e 0 1 1
e 2 1 1
e 1 2 1
e 3 2 0
e 2 3 0
e 4 3 0
e 3 4 0
e 5 4 0
e 4 5 0
e 6 5 0
e 5 6 0
e 7 6 0
e 6 7 0
e 7 2 0
e 2 7 0
e 8 5 1
e 5 8 1
e 9 8 2
e 8 9 2
e 10 8 1
e 8 10 1
t # 168
v 0 0
v 1 0
v 2 0
v 3 0
v 4 0
v 5 0
v 6 1
v 7 2
v 8 2
v 9 1
v 10 2
v 11 2
v 12 3
e 1 0 0
e 0 1 0
e 2 1 0
e 1 2 0
e 3 2 0
e 2 3 0
e 4 3 0
e 3 4 0
e 5 4 0
e 4 5 0
e 5 0 0
e 0 5 0
e 6 5 1
e 5 6 1
e 7 6 2
e 6 7 2
e 8 6 1
e 6 8 1
e 9 3 1
e 3 9 1
e 10 9 2
e 9 10 2
e 11 9 1
e 9 11 1
e 12 2 1
e 2 12 1
t # 169
v 0 0
v 1 0
v 2 0
v 3 0
v 4 0
v 5 0
v 6 1
v 7 0
v 8 0
v 9 0
v 10 0
v 11 0
v 12 0
v 13 1
v 14 1
v 15 2
v 16 2
e 1 0 0
e 0 1 0
e 2 1 0
e 1 2 0
e 3 2 0
e 2 3 0
e 4 3 0
e 3 4 0
e 5 4 0
e 4 5 0
e 5 0 0
e 0 5 0
e 6 4 0
e 4 6 0
e 7 6 0
e 6 7 0
e 8 7 0
e 7 8 0
e 9 8 0
e 8 9 0
e 10 9 0
e 9 10 0
e 11 10 0
e 10 11 0
e 12 11 0
e 11 12 0
e 12 7 0
e 7 12 0
e 13 12 0
e 12 13 0
e 13 3 0
e 3 13 0
e 14 11 1
e 11 14 1
e 15 14 2
e 14 15 2
e 16 14 1
e 14 16 1
t # 170
v 0 0
v 1 0
v 2 0
v 3 0
v 4 0
v 5 0
v 6 1
v 7 2
v 8 2
v 9 1
v 10 2
v 11 2
v 12 0
v 13 0
v 14 0
v 15 0
v 16 0
v 17 0
v 18 1
v 19 2
v 20 2
v 21 1
v 22 2
v 23 2
e 1 0 0
e 0 1 0
e 2 1 0
e 1 2 0
e 3 2 0
e 2 3 0
e 4 3 0
e 3 4 0
e 5 4 0
e 4 5 0
e 5 0 0
e 0 5 0
e 6 5 1
e 5 6 1
e 7 6 2
e 6 7 2
e 8 6 1
e 6 8 1
e 9 3 1
e 3 9 1
e 10 9 2
e 9 10 2
e 11 9 1
e 9 11 1
e 12 2 1
e 2 12 1
e 13 12 0
e 12 13 0
e 14 13 0
e 13 14 0
e 15 14 0
e 14 15 0
e 16 15 0
e 15 16 0
e 17 16 0
e 16 17 0
e 17 12 0
e 12 17 0
e 18 17 1
e 17 18 1
e 19 18 2
e 18 19 2
e 20 18 1
e 18 20 1
e 21 15 1
e 15 21 1
e 22 21 2
e 21 22 2
e 23 21 1
e 21 23 1
t # 171
v 0 0
v 1 0
v 2 0
v 3 0
v 4 0
v 5 1
v 6 1
v 7 0
v 8 0
v 9 1
v 10 2
v 11 2
e 1 0 2
e 0 1 2
e 2 1 1
e 1 2 1
e 3 2 2
e 2 3 2
e 4 3 1
e 3 4 1
e 5 4 2
e 4 5 2
e 6 5 1
e 5 6 1
e 7 6 2
e 6 7 2
e 8 7 1
e 7 8 1
e 8 4 1
e 4 8 1
e 8 0 1
e 0 8 1
e 9 2 1
e 2 9 1
e 10 9 2
e 9 10 2
e 11 9 1
e 9 11 1
t # 172
v 0 0
v 1 0
v 2 0
v 3 0
v 4 0
v 5 0
v 6 0
v 7 0
v 8 0
v 9 0
v 10 0
v 11 0
v 12 1
v 13 2
v 14 2
v 15 1
v 16 2
v 17 2
v 18 1
v 19 2
v 20 2
e 1 0 0
e 0 1 0
e 2 1 0
e 1 2 0
e 3 2 0
e 2 3 0
e 4 3 0
e 3 4 0
e 5 4 0
e 4 5 0
e 5 0 0
e 0 5 0
e 6 5 1
e 5 6 1
e 7 6 0
e 6 7 0
e 8 7 0
e 7 8 0
e 9 8 0
e 8 9 0
e 10 9 0
e 9 10 0
e 11 10 0
e 10 11 0
e 11 6 0
e 6 11 0
e 12 10 1
e 10 12 1
e 13 12 2
e 12 13 2
e 14 12 1
e 12 14 1
e 15 9 1
e 9 15 1
e 16 15 2
e 15 16 2
e 17 15 1
e 15 17 1
e 18 2 1
e 2 18 1
e 19 18 2
e 18 19 2
e 20 18 1
e 18 20 1
t # 173
v 0 0
v 1 0
v 2 0
v 3 0
v 4 0
v 5 0
v 6 0
v 7 0
v 8 0
v 9 0
v 10 0
v 11 0
v 12 0
v 13 0
v 14 0
v 15 0
v 16 1
v 17 2
v 18 2
v 19 1
v 20 2
v 21 2
e 1 0 0
e 0 1 0
e 2 1 0
e 1 2 0
e 3 2 0
e 2 3 0
e 4 3 0
e 3 4 0
e 5 4 0
e 4 5 0
e 6 5 0
e 5 6 0
e 7 6 0
e 6 7 0
e 7 2 0
e 2 7 0
e 8 7 0
e 7 8 0
e 9 8 0
e 8 9 0
e 9 0 0
e 0 9 0
e 10 8 1
e 8 10 1
e 11 10 0
e 10 11 0
e 11 6 1
e 6 11 1
e 12 11 0
e 11 12 0
e 13 12 0
e 12 13 0
e 14 13 0
e 13 14 0
e 15 14 0
e 14 15 0
e 15 10 0
e 10 15 0
e 16 13 1
e 13 16 1
e 17 16 2
e 16 17 2
e 18 16 1
e 16 18 1
e 19 3 1
e 3 19 1
e 20 19 2
e 19 20 2
e 21 19 1
e 19 21 1
t # 174
v 0 0
v 1 0
v 2 0
v 3 0
v 4 0
v 5 0
v 6 5
v 7 5
v 8 2
v 9 0
v 10 0
v 11 0
v 12 0
v 13 0
v 14 0
v 15 5
v 16 5
v 17 1
v 18 2
v 19 2
v 20 5
v 21 2
e 1 0 0
e 0 1 0
e 2 1 0
e 1 2 0
e 3 2 0
e 2 3 0
e 4 3 0
e 3 4 0
e 5 4 0
e 4 5 0
e 5 0 0
e 0 5 0
e 6 5 1
e 5 6 1
e 7 4 1
e 4 7 1
e 8 2 1
e 2 8 1
e 9 8 1
e 8 9 1
e 10 9 0
e 9 10 0
e 11 10 0
e 10 11 0
e 12 11 0
e 11 12 0
e 13 12 0
e 12 13 0
e 14 13 0
e 13 14 0
e 14 9 0
e 9 14 0
e 15 14 1
e 14 15 1
e 16 13 1
e 13 16 1
e 17 12 1
e 12 17 1
e 18 17 2
e 17 18 2
e 19 17 1
e 17 19 1
e 20 11 1
e 11 20 1
e 21 10 1
e 10 21 1
e 21 1 1
e 1 21 1
t # 175
v 0 0
v 1 0
v 2 0
v 3 0
v 4 0
v 5 0
v 6 1
v 7 2
v 8 2
v 9 0
v 10 0
v 11 0
e 1 0 0
e 0 1 0
e 2 1 0
e 1 2 0
e 3 2 0
e 2 3 0
e 4 3 0
e 3 4 0
e 5 4 0
e 4 5 0
e 5 0 0
e 0 5 0
e 6 5 1
e 5 6 1
e 7 6 2
e 6 7 2
e 8 6 1
e 6 8 1
e 9 3 1
e 3 9 1
e 10 9 1
e 9 10 1
e 11 10 2
e 10 11 2
e 11 2 1
e 2 11 1
t # 176
v 0 0
v 1 0
v 2 0
v 3 0
v 4 0
v 5 0
v 6 1
v 7 2
v 8 2
v 9 1
v 10 0
v 11 0
v 12 1
v 13 0
v 14 0
v 15 0
v 16 0
v 17 1
v 18 2
v 19 2
e 1 0 0
e 0 1 0
e 2 1 0
e 1 2 0
e 3 2 0
e 2 3 0
e 4 3 0
e 3 4 0
e 5 4 0
e 4 5 0
e 5 0 0
e 0 5 0
e 6 4 1
e 4 6 1
e 7 6 2
e 6 7 2
e 8 6 1
e 6 8 1
e 9 3 0
e 3 9 0
e 10 9 0
e 9 10 0
e 11 10 0
e 10 11 0
e 12 11 0
e 11 12 0
e 12 2 0
e 2 12 0
e 13 11 0
e 11 13 0
e 14 13 0
e 13 14 0
e 15 14 0
e 14 15 0
e 16 15 0
e 15 16 0
e 16 10 0
e 10 16 0
e 17 16 1
e 16 17 1
e 18 17 2
e 17 18 2
e 19 17 1
e 17 19 1
t # 177
v 0 0
v 1 1
v 2 1
v 3 0
v 4 0
v 5 0
v 6 0
v 7 0
v 8 0
v 9 0
v 10 1
v 11 2
v 12 2
e 1 0 1
e 0 1 1
e 2 1 2
e 1 2 2
e 3 2 1
e 2 3 1
e 4 3 1
e 3 4 1
e 5 4 2
e 4 5 2
e 5 1 1
e 1 5 1
e 6 4 1
e 4 6 1
e 7 6 2
e 6 7 2
e 8 7 1
e 7 8 1
e 9 8 2
e 8 9 2
e 9 3 1
e 3 9 1
e 10 9 1
e 9 10 1
e 11 10 2
e 10 11 2
e 12 10 1
e 10 12 1
t # 178
v 0 0
v 1 0
v 2 0
v 3 0
v 4 0
v 5 0
v 6 0
v 7 0
v 8 0
v 9 2
v 10 0
v 11 0
v 12 0
v 13 0
v 14 0
v 15 0
v 16 1
v 17 2
v 18 2
v 19 1
v 20 2
v 21 2
e 1 0 0
e 0 1 0
e 2 1 0
e 1 2 0
e 3 2 0
e 2 3 0
e 4 3 0
e 3 4 0
e 5 4 0
e 4 5 0
e 5 0 0
e 0 5 0
e 6 5 1
e 5 6 1
e 7 6 2
e 6 7 2
e 8 7 1
e 7 8 1
e 9 8 2
e 8 9 2
e 10 8 1
e 8 10 1
e 11 10 0
e 10 11 0
e 12 11 0
e 11 12 0
e 13 12 0
e 12 13 0
e 14 13 0
e 13 14 0
e 15 14 0
e 14 15 0
e 15 10 0
e 10 15 0
e 16 13 1
e 13 16 1
e 17 16 2
e 16 17 2
e 18 16 1
e 16 18 1
e 19 2 1
e 2 19 1
e 20 19 2
e 19 20 2
e 21 19 1
e 19 21 1
t # 179
v 0 0
v 1 0
v 2 0
v 3 0
v 4 0
v 5 0
v 6 0
v 7 0
v 8 0
v 9 0
v 10 0
v 11 0
v 12 0
v 13 0
v 14 0
v 15 0
v 16 0
v 17 0
v 18 0
v 19 0
v 20 0
v 21 0
v 22 1
v 23 2
v 24 2
v 25 1
v 26 2
v 27 2
e 1 0 0
e 0 1 0
e 2 1 0
e 1 2 0
e 3 2 0
e 2 3 0
e 4 3 0
e 3 4 0
e 5 4 0
e 4 5 0
e 6 5 0
e 5 6 0
e 7 6 0
e 6 7 0
e 8 7 0
e 7 8 0
e 9 8 0
e 8 9 0
e 10 9 0
e 9 10 0
e 10 5 0
e 5 10 0
e 11 10 0
e 10 11 0
e 11 2 0
e 2 11 0
e 12 11 0
e 11 12 0
e 13 12 0
e 12 13 0
e 13 0 0
e 0 13 0
e 14 13 0
e 13 14 0
e 15 14 0
e 14 15 0
e 16 15 0
e 15 16 0
e 17 16 0
e 16 17 0
e 17 12 0
e 12 17 0
e 18 17 0
e 17 18 0
e 18 9 0
e 9 18 0
e 19 18 0
e 18 19 0
e 20 19 0
e 19 20 0
e 21 20 0
e 20 21 0
e 21 16 0
e 16 21 0
e 22 19 1
e 19 22 1
e 23 22 2
e 22 23 2
e 24 22 1
e 22 24 1
e 25 6 1
e 6 25 1
e 26 25 2
e 25 26 2
e 27 25 1
e 25 27 1
t # 180
v 0 0
v 1 0
v 2 0
v 3 0
v 4 0
v 5 0
v 6 1
v 7 1
v 8 2
v 9 2
v 10 1
e 1 0 0
e 0 1 0
e 2 1 0
e 1 2 0
e 3 2 0
e 2 3 0
e 4 3 0
e 3 4 0
e 5 4 0
e 4 5 0
e 5 0 0
e 0 5 0
e 6 5 1
e 5 6 1
e 7 3 1
e 3 7 1
e 8 7 2
e 7 8 2
e 9 7 1
e 7 9 1
e 10 2 1
e 2 10 1
t # 181
v 0 0
v 1 0
v 2 0
v 3 0
v 4 0
v 5 0
v 6 0
v 7 0
v 8 0
v 9 0
v 10 1
v 11 1
v 12 2
v 13 2
e 1 0 1
e 0 1 1
e 2 1 0
e 1 2 0
e 3 2 0
e 2 3 0
e 4 3 0
e 3 4 0
e 5 4 0
e 4 5 0
e 6 5 0
e 5 6 0
e 7 6 0
e 6 7 0
e 8 7 0
e 7 8 0
e 9 8 0
e 8 9 0
e 9 4 0
e 4 9 0
e 10 9 0
e 9 10 0
e 10 1 0
e 1 10 0
e 11 8 1
e 8 11 1
e 12 11 2
e 11 12 2
e 13 11 1
e 11 13 1
t # 182
v 0 0
v 1 0
v 2 0
v 3 0
v 4 0
v 5 0
v 6 0
v 7 0
v 8 0
v 9 0
v 10 0
v 11 0
v 12 0
v 13 0
v 14 0
v 15 0
v 16 1
v 17 2
v 18 2
v 19 1
v 20 2
v 21 2
e 1 0 0
e 0 1 0
e 2 1 0
e 1 2 0
e 3 2 0
e 2 3 0
e 4 3 0
e 3 4 0
e 5 4 0
e 4 5 0
e 6 5 0
e 5 6 0
e 7 6 0
e 6 7 0
e 7 2 0
e 2 7 0
e 8 7 0
e 7 8 0
e 9 8 0
e 8 9 0
e 9 0 0
e 0 9 0
e 10 9 0
e 9 10 0
e 11 10 0
e 10 11 0
e 12 11 0
e 11 12 0
e 13 12 0
e 12 13 0
e 13 8 0
e 8 13 0
e 14 13 0
e 13 14 0
e 15 14 0
e 14 15 0
e 15 6 0
e 6 15 0
e 16 12 1
e 12 16 1
e 17 16 2
e 16 17 2
e 18 16 1
e 16 18 1
e 19 5 1
e 5 19 1
e 20 19 2
e 19 20 2
e 21 19 1
e 19 21 1
t # 183
v 0 0
v 1 0
v 2 0
v 3 0
v 4 0
v 5 0
v 6 0
v 7 0
v 8 0
v 9 0
v 10 0
v 11 0
v 12 0
v 13 0
v 14 0
v 15 0
v 16 1
v 17 2
v 18 2
v 19 1
v 20 2
v 21 2
e 1 0 0
e 0 1 0
e 2 1 0
e 1 2 0
e 3 2 0
e 2 3 0
e 4 3 0
e 3 4 0
e 5 4 0
e 4 5 0
e 6 5 0
e 5 6 0
e 7 6 0
e 6 7 0
e 7 2 0
e 2 7 0
e 8 7 0
e 7 8 0
e 9 8 0
e 8 9 0
e 9 0 0
e 0 9 0
e 10 8 1
e 8 10 1
e 11 10 0
e 10 11 0
e 11 6 1
e 6 11 1
e 12 11 0
e 11 12 0
e 13 12 0
e 12 13 0
e 14 13 0
e 13 14 0
e 15 14 0
e 14 15 0
e 15 10 0
e 10 15 0
e 16 15 1
e 15 16 1
e 17 16 2
e 16 17 2
e 18 16 1
e 16 18 1
e 19 3 1
e 3 19 1
e 20 19 2
e 19 20 2
e 21 19 1
e 19 21 1
t # 184
v 0 0
v 1 0
v 2 0
v 3 0
v 4 0
v 5 0
v 6 3
v 7 1
v 8 2
v 9 2
v 10 1
v 11 2
v 12 2
e 1 0 0
e 0 1 0
e 2 1 0
e 1 2 0
e 3 2 0
e 2 3 0
e 4 3 0
e 3 4 0
e 5 4 0
e 4 5 0
e 5 0 0
e 0 5 0
e 6 5 1
e 5 6 1
e 7 3 1
e 3 7 1
e 8 7 2
e 7 8 2
e 9 7 1
e 7 9 1
e 10 2 1
e 2 10 1
e 11 10 2
e 10 11 2
e 12 10 1
e 10 12 1
t # 185
v 0 0
v 1 0
v 2 0
v 3 0
v 4 0
v 5 0
v 6 1
v 7 2
v 8 2
v 9 0
v 10 0
v 11 1
e 1 0 0
e 0 1 0
e 2 1 0
e 1 2 0
e 3 2 0
e 2 3 0
e 4 3 0
e 3 4 0
e 5 4 0
e 4 5 0
e 5 0 0
e 0 5 0
e 6 5 1
e 5 6 1
e 7 6 2
e 6 7 2
e 8 6 1
e 6 8 1
e 9 3 1
e 3 9 1
e 10 9 1
e 9 10 1
e 11 10 1
e 10 11 1
e 11 2 1
e 2 11 1
t # 186
v 0 0
v 1 0
v 2 0
v 3 0
v 4 0
v 5 0
v 6 0
v 7 0
v 8 0
v 9 0
v 10 0
v 11 0
v 12 0
v 13 0
v 14 0
v 15 0
v 16 0
v 17 0
v 18 1
v 19 2
v 20 2
e 1 0 0
e 0 1 0
e 2 1 0
e 1 2 0
e 3 2 0
e 2 3 0
e 4 3 0
e 3 4 0
e 5 4 0
e 4 5 0
e 5 0 0
e 0 5 0
e 6 4 0
e 4 6 0
e 7 6 0
e 6 7 0
e 8 7 0
e 7 8 0
e 9 8 0
e 8 9 0
e 10 9 0
e 9 10 0
e 11 10 0
e 10 11 0
e 11 6 0
e 6 11 0
e 12 11 0
e 11 12 0
e 13 12 0
e 12 13 0
e 13 3 0
e 3 13 0
e 14 13 0
e 13 14 0
e 15 14 0
e 14 15 0
e 16 15 0
e 15 16 0
e 17 16 0
e 16 17 0
e 17 12 0
e 12 17 0
e 18 16 1
e 16 18 1
e 19 18 2
e 18 19 2
e 20 18 1
e 18 20 1
t # 187
v 0 0
v 1 0
v 2 0
v 3 0
v 4 1
v 5 0
v 6 0
v 7 0
v 8 0
v 9 0
v 10 0
v 11 0
v 12 0
v 13 1
v 14 2
v 15 2
e 1 0 1
e 0 1 1
e 2 1 1
e 1 2 1
e 3 2 1
e 2 3 1
e 4 3 2
e 3 4 2
e 5 4 1
e 4 5 1
e 6 5 2
e 5 6 2
e 7 6 1
e 6 7 1
e 8 7 2
e 7 8 2
e 9 8 1
e 8 9 1
e 10 9 2
e 9 10 2
e 10 5 1
e 5 10 1
e 11 10 2
e 10 11 2
e 11 3 1
e 3 11 1
e 12 11 1
e 11 12 1
e 12 0 1
e 0 12 1
e 13 8 1
e 8 13 1
e 14 13 2
e 13 14 2
e 15 13 1
e 13 15 1
